CUST_ID,Number of Children,Age,Gender,Education level,Marital status,Region,Occupation Group,loan,utility,finance,shopping,financial_services,health_and_care,home_lifestyle,transport_travel,leisure,public_services
5,0.0,34,Female,high school,married,Central,Homemaker,0.3818792200040555,0.6132327259798925,0.0,0.0,0.0,0.0,0.0,0.0,0.0,0.0048880540160519
6,0.0,25,Female,high school,single,Central,Student,0.0,0.0,0.0,0.0,1.0,0.0,0.0,0.0,0.0,0.0
7,2.0,55,Female,vocational certificate,widow,Central,Unemployed,0.0,1.0,0.0,0.0,0.0,0.0,0.0,0.0,0.0,0.0
23,0.0,24,Female,bachelor's degree,single,Central,Unemployed,0.0,0.0,0.0019874555226687,0.0,0.9972895095828836,0.0007230348944475,0.0,0.0,0.0,0.0
26,0.0,52,Female,bachelor's degree,married,Central,Corporate Employee,0.0,0.0,0.0,0.970873786407767,0.0,0.029126213592233,0.0,0.0,0.0,0.0
37,0.0,43,Female,vocational certificate,single,Northeastern,Corporate Employee,0.0,0.4592458146200147,0.0,0.0,0.5407541853799852,0.0,0.0,0.0,0.0,0.0
49,0.0,48,Male,bachelor's degree,married,Central,Other,1.0,0.0,0.0,0.0,0.0,0.0,0.0,0.0,0.0,0.0
51,0.0,32,Female,high school,single,Central,Student,0.0,0.0,1.0,0.0,0.0,0.0,0.0,0.0,0.0,0.0
54,0.0,52,Male,bachelor's degree,single,Central,Corporate Employee,0.0,0.0,0.0,0.0,0.0,0.0,0.0,1.0,0.0,0.0
58,0.0,71,Female,master's degree,single,Western,Professional,0.0,1.0,0.0,0.0,0.0,0.0,0.0,0.0,0.0,0.0
59,0.0,24,Male,others,single,Central,Other,0.0,0.0,1.0,0.0,0.0,0.0,0.0,0.0,0.0,0.0
60,0.0,48,Female,less than high school,single,Central,Other,0.0,0.0,0.5,0.5,0.0,0.0,0.0,0.0,0.0,0.0
61,0.0,25,Male,others,single,Central,Corporate Employee,0.0,1.0,0.0,0.0,0.0,0.0,0.0,0.0,0.0,0.0
72,0.0,23,Male,high school,single,Eastern,Student,0.0,0.0,1.0,0.0,0.0,0.0,0.0,0.0,0.0,0.0
73,0.0,52,Male,bachelor's degree,married,Central,Corporate Employee,0.800919156047629,0.0938792563191978,0.0074368080217255,0.0,0.0,0.0977647796114476,0.0,0.0,0.0,0.0
77,0.0,32,Female,bachelor's degree,single,Central,Student,0.0,0.0,0.6909555676824539,0.309044432317546,0.0,0.0,0.0,0.0,0.0,0.0
82,0.0,52,Female,bachelor's degree,single,Southern,Freelancer,0.1973150962512664,0.0,0.8026849037487336,0.0,0.0,0.0,0.0,0.0,0.0,0.0
83,0.0,29,Female,high school,single,Northeastern,Student,0.0,0.0,0.6003099629569564,0.3996900370430436,0.0,0.0,0.0,0.0,0.0,0.0
86,0.0,30,Male,bachelor's degree,single,Southern,Corporate Employee,0.0,0.0,1.0,0.0,0.0,0.0,0.0,0.0,0.0,0.0
87,0.0,24,Female,others,single,Northeastern,Student,0.0,0.0,0.5,0.5,0.0,0.0,0.0,0.0,0.0,0.0
89,0.0,61,Female,others,single,Central,Corporate Employee,0.1999800019998,0.0514948505149485,0.5692430756924307,0.1792820717928207,0.0,0.0,0.0,0.0,0.0,0.0
91,0.0,23,Male,Unknown,single,Northeastern,Student,0.0,0.0042799279170035,0.0,0.0,0.0,0.9957200720829966,0.0,0.0,0.0,0.0
95,0.0,25,Male,Unknown,Unknown,Eastern,Student,0.0,0.0,1.0,0.0,0.0,0.0,0.0,0.0,0.0,0.0
105,0.0,37,Female,master's degree,single,Central,Corporate Employee,1.0,0.0,0.0,0.0,0.0,0.0,0.0,0.0,0.0,0.0
106,0.0,39,Female,bachelor's degree,single,Central,Student,0.0,0.0,0.5207630014562566,0.4272573008785669,0.0,0.0,0.0,0.0,0.0519796976651764,0.0
109,0.0,41,Male,others,single,Northeastern,Entrepreneur,0.7846973922427922,0.2153026077572077,0.0,0.0,0.0,0.0,0.0,0.0,0.0,0.0
111,0.0,44,Female,bachelor's degree,single,Central,Corporate Employee,0.9523243826410784,0.0167325654038535,0.030943051955068,0.0,0.0,0.0,0.0,0.0,0.0,0.0
116,1.0,56,Male,bachelor's degree,married,Southern,Entrepreneur,0.0,0.0,0.0,0.0,0.9998841638870388,0.0,0.0,0.0,0.0,0.0001158361129612
118,0.0,34,Male,bachelor's degree,single,Central,Freelancer,0.0,0.5440364770818334,0.0,0.0,0.0,0.0,0.0,0.0,0.4559635229181665,0.0
127,0.0,24,Female,others,others,Eastern,Student,0.2033950705170709,0.0,0.4786435175957075,0.3179614118872215,0.0,0.0,0.0,0.0,0.0,0.0
130,0.0,43,Male,bachelor's degree,widow,Central,Corporate Employee,0.5874764486317404,0.1334686116397833,0.004343267544412,0.0,0.2747116721840642,0.0,0.0,0.0,0.0,0.0
131,0.0,41,Male,bachelor's degree,married,Western,Entrepreneur,1.0,0.0,0.0,0.0,0.0,0.0,0.0,0.0,0.0,0.0
132,0.0,39,Female,high school,single,Central,Corporate Employee,0.0,0.8581258095242505,0.0,0.0,0.0,0.1389409917607992,0.0,0.0,0.0,0.0029331987149502
134,0.0,36,Female,bachelor's degree,single,Central,Unemployed,0.5573862597598334,0.133375843325411,0.0751356678156255,0.0,0.0,0.0,0.23410222909913,0.0,0.0,0.0
141,0.0,47,Male,bachelor's degree,single,Central,Professional,1.0,0.0,0.0,0.0,0.0,0.0,0.0,0.0,0.0,0.0
143,0.0,39,Male,bachelor's degree,married,Northern,Corporate Employee,1.0,0.0,0.0,0.0,0.0,0.0,0.0,0.0,0.0,0.0
146,1.0,40,Female,high school,married,Central,Entrepreneur,0.0,0.5370313489337052,0.2775963572188767,0.08083094208463,0.0,0.0,0.1045413517627881,0.0,0.0,0.0
154,0.0,47,Male,Unknown,Unknown,Central,Corporate Employee,0.9612720363003164,0.0,0.0063550974236435,0.0,0.0,0.0,0.0293605500972329,0.0,0.003012316178807,0.0
156,0.0,28,Female,high school,single,Southern,Corporate Employee,0.0,0.0,1.0,0.0,0.0,0.0,0.0,0.0,0.0,0.0
159,0.0,31,Male,Unknown,single,Central,Entrepreneur,0.0,0.7910431250473053,0.2089568749526946,0.0,0.0,0.0,0.0,0.0,0.0,0.0
160,0.0,37,Female,bachelor's degree,single,Central,Corporate Employee,0.8903229241236328,0.0,0.0,0.0,0.1096770758763672,0.0,0.0,0.0,0.0,0.0
162,0.0,58,Male,bachelor's degree,married,Central,Corporate Employee,0.8503359239684104,0.0,0.1351525018313869,0.0145115742002026,0.0,0.0,0.0,0.0,0.0,0.0
164,0.0,46,Female,high school,single,Central,Corporate Employee,0.0,0.0,0.0,0.7965095182887435,0.0,0.0,0.2034904817112564,0.0,0.0,0.0
165,0.0,45,Female,bachelor's degree,single,Central,Freelancer,0.0,0.9174277347713896,0.0,0.0,0.0,0.0649444782696935,0.0176277869589168,0.0,0.0,0.0
168,0.0,31,Female,high school,single,Central,Freelancer,0.6337135614702155,0.0,0.0,0.0,0.0,0.3662864385297845,0.0,0.0,0.0,0.0
170,0.0,24,Male,less than high school,single,Southern,Student,0.5718201925173672,0.0944415023415677,0.0,0.0,0.0,0.3337383051410652,0.0,0.0,0.0,0.0
173,0.0,69,Male,bachelor's degree,married,Central,Corporate Employee,0.0,0.0,0.0,1.0,0.0,0.0,0.0,0.0,0.0,0.0
174,0.0,44,Male,bachelor's degree,single,Southern,Corporate Employee,0.9825364027844362,0.0,0.0,0.0,0.0,0.0,0.0174635972155637,0.0,0.0,0.0
183,0.0,33,Male,less than high school,single,Central,Corporate Employee,0.0,0.0,0.7048710601719198,0.2951289398280802,0.0,0.0,0.0,0.0,0.0,0.0
184,0.0,22,Male,high school,single,Southern,Entrepreneur,0.9959693671906488,0.004030632809351,0.0,0.0,0.0,0.0,0.0,0.0,0.0,0.0
187,0.0,46,Female,others,single,Northeastern,Corporate Employee,0.0,0.0,0.0,1.0,0.0,0.0,0.0,0.0,0.0,0.0
190,0.0,59,Male,high school,married,Southern,Entrepreneur,0.0,0.0,0.0,1.0,0.0,0.0,0.0,0.0,0.0,0.0
194,0.0,39,Female,bachelor's degree,single,Northern,Corporate Employee,0.0551844706484837,0.2640598994318207,0.349648806028793,0.0,0.0,0.0,0.3311068238909025,0.0,0.0,0.0
195,0.0,33,Female,bachelor's degree,single,Central,Corporate Employee,0.0,0.1065193050218691,0.3078416814209834,0.3078416814209834,0.1091133197943383,0.1062576455696538,0.0,0.0,0.0624263667721716,0.0
201,0.0,36,Male,bachelor's degree,single,Central,Entrepreneur,0.8544665471784888,0.0,0.0,0.0,0.0,0.0,0.0,0.0,0.0,0.1455334528215111
203,0.0,26,Female,less than high school,single,Central,Student,0.0,0.0,1.0,0.0,0.0,0.0,0.0,0.0,0.0,0.0
205,0.0,38,Male,less than high school,single,Central,Freelancer,0.9549162730785744,0.0,0.0,0.0,0.0,0.0,0.0450837269214255,0.0,0.0,0.0
207,0.0,46,Male,high school,married,Central,Entrepreneur,0.2503634307866257,0.234993449272241,0.0,0.0,0.5146431199411332,0.0,0.0,0.0,0.0,0.0
211,0.0,26,Male,high school,married,Central,Corporate Employee,0.0,0.0,1.0,0.0,0.0,0.0,0.0,0.0,0.0,0.0
213,0.0,50,Female,vocational certificate,single,Central,Corporate Employee,0.5168192360119644,0.0,0.4831807639880356,0.0,0.0,0.0,0.0,0.0,0.0,0.0
214,1.0,51,Female,less than high school,married,Central,Freelancer,0.0,1.0,0.0,0.0,0.0,0.0,0.0,0.0,0.0,0.0
216,2.0,72,Female,vocational certificate,married,Northern,Entrepreneur,0.0,0.0,1.0,0.0,0.0,0.0,0.0,0.0,0.0,0.0
217,0.0,24,Female,high school,single,Northeastern,Student,0.0,0.2670103952879144,0.3664948023560427,0.3664948023560427,0.0,0.0,0.0,0.0,0.0,0.0
219,0.0,33,Female,less than high school,single,Eastern,Corporate Employee,0.0,0.0,0.0,0.0,0.0,0.0,0.0,0.0,0.0,1.0
220,0.0,26,Female,bachelor's degree,single,Central,Student,0.0,0.0,0.5,0.5,0.0,0.0,0.0,0.0,0.0,0.0
223,0.0,49,Male,high school,married,Central,Corporate Employee,1.0,0.0,0.0,0.0,0.0,0.0,0.0,0.0,0.0,0.0
225,0.0,51,Female,less than high school,married,Central,Entrepreneur,0.0,1.0,0.0,0.0,0.0,0.0,0.0,0.0,0.0,0.0
226,0.0,24,Female,Unknown,single,Central,Corporate Employee,0.2877350075674307,0.0,0.7122649924325694,0.0,0.0,0.0,0.0,0.0,0.0,0.0
229,0.0,56,Male,bachelor's degree,married,Northern,Corporate Employee,0.2160753658047705,0.0,0.2565644417718982,0.3609941872118661,0.1483263178993786,0.0,0.0,0.0180396873120865,0.0,0.0
233,0.0,35,Female,high school,married,Northeastern,Corporate Employee,0.0,0.0,0.1731904838576321,0.826809516142368,0.0,0.0,0.0,0.0,0.0,0.0
234,0.0,28,Female,high school,single,Southern,Student,0.3541127002944318,0.0868998164428557,0.0,0.0,0.0,0.0,0.0,0.0,0.0,0.5589874832627124
242,0.0,37,Female,high school,married,Northeastern,Corporate Employee,0.0,0.0,0.0,1.0,0.0,0.0,0.0,0.0,0.0,0.0
244,0.0,27,Male,Unknown,single,Central,Corporate Employee,0.0,0.1053055381587187,0.0,0.8946944618412812,0.0,0.0,0.0,0.0,0.0,0.0
245,0.0,50,Male,less than high school,single,Central,Corporate Employee,0.7245041999934653,0.0142161456471266,0.1097493641646963,0.1515302901947117,0.0,0.0,0.0,0.0,0.0,0.0
248,0.0,21,Female,Unknown,Unknown,Northeastern,Corporate Employee,0.0,0.0,1.0,0.0,0.0,0.0,0.0,0.0,0.0,0.0
249,0.0,38,Female,bachelor's degree,married,Central,Corporate Employee,0.3717600448236397,0.5815044066842456,0.0,0.0,0.0,0.0,0.0467355484921147,0.0,0.0,0.0
265,0.0,32,Male,Unknown,single,Northeastern,Corporate Employee,0.0,0.0,0.8947565543071161,0.045692883895131,0.0,0.0,0.0595505617977528,0.0,0.0,0.0
268,0.0,31,Female,high school,married,Northeastern,Entrepreneur,0.0,1.0,0.0,0.0,0.0,0.0,0.0,0.0,0.0,0.0
269,0.0,47,Female,bachelor's degree,single,Central,Corporate Employee,0.0,0.0,0.3928188638799571,0.0712754555198285,0.0,0.0,0.0,0.5359056806002144,0.0,0.0
272,0.0,30,Female,Unknown,single,Central,Corporate Employee,0.5406007104761351,0.0,0.1358035446370667,0.16726195661643,0.0,0.0,0.0,0.0,0.1563337882703681,0.0
274,0.0,42,Male,bachelor's degree,married,Central,Corporate Employee,0.7310860982565783,0.0081766310205752,0.1161068446145968,0.1161068446145968,0.0,0.0,0.0285235814936526,0.0,0.0,0.0
277,0.0,38,Male,less than high school,single,Central,Corporate Employee,0.0,0.1481481481481481,0.0,0.4814814814814814,0.0,0.0,0.3703703703703703,0.0,0.0,0.0
278,0.0,49,Female,less than high school,married,Eastern,Corporate Employee,1.0,0.0,0.0,0.0,0.0,0.0,0.0,0.0,0.0,0.0
279,0.0,57,Male,master's degree,married,Central,Corporate Employee,1.0,0.0,0.0,0.0,0.0,0.0,0.0,0.0,0.0,0.0
281,0.0,49,Female,bachelor's degree,married,Northeastern,Corporate Employee,0.0,1.0,0.0,0.0,0.0,0.0,0.0,0.0,0.0,0.0
283,0.0,54,Female,bachelor's degree,single,Central,Corporate Employee,0.0,0.2796664977014909,0.5460663159182674,0.0,0.0,0.0,0.0,0.1742671863802415,0.0,0.0
286,0.0,31,Female,less than high school,single,Central,Corporate Employee,0.0,0.0,0.2021563342318059,0.0,0.7978436657681941,0.0,0.0,0.0,0.0,0.0
293,0.0,48,Female,others,single,Central,Corporate Employee,0.0,0.0,0.0,0.8793357371387944,0.1206642628612056,0.0,0.0,0.0,0.0,0.0
296,0.0,53,Male,high school,single,Central,Corporate Employee,0.0,0.0,0.7649086521889004,0.2350913478110996,0.0,0.0,0.0,0.0,0.0,0.0
301,0.0,24,Female,others,others,Central,Student,0.0,0.0,1.0,0.0,0.0,0.0,0.0,0.0,0.0,0.0
302,0.0,33,Female,bachelor's degree,single,Central,Professional,1.0,0.0,0.0,0.0,0.0,0.0,0.0,0.0,0.0,0.0
307,0.0,51,Female,bachelor's degree,single,Central,Entrepreneur,0.4065074812711555,0.5865614448793789,0.0069310738494655,0.0,0.0,0.0,0.0,0.0,0.0,0.0
308,0.0,25,Female,others,single,Northern,Student,0.0,0.0,1.0,0.0,0.0,0.0,0.0,0.0,0.0,0.0
311,0.0,41,Female,master's degree,married,Central,Corporate Employee,0.0,0.0,0.0,0.0,0.0,0.8547567175018156,0.1452432824981844,0.0,0.0,0.0
312,0.0,28,Female,high school,single,Central,Student,0.0,0.5718427734611801,0.4281572265388199,0.0,0.0,0.0,0.0,0.0,0.0,0.0
317,2.0,59,Female,less than high school,married,Northeastern,Freelancer,0.0,1.0,0.0,0.0,0.0,0.0,0.0,0.0,0.0,0.0
320,0.0,51,Female,bachelor's degree,single,Central,Homemaker,0.9323653685597922,0.0092236363096978,0.0095355549057251,0.0,0.0,0.0,0.0,0.0,0.0488754402247848,0.0
325,1.0,53,Female,others,married,Western,Entrepreneur,0.0,0.238490827275874,0.0,0.7236387450656883,0.0,0.0,0.0378704276584376,0.0,0.0,0.0
328,0.0,31,Female,bachelor's degree,single,Northern,Student,0.0,0.0,0.6076031534484482,0.3473676331183432,0.0,0.0450292134332085,0.0,0.0,0.0,0.0
330,0.0,24,Male,Unknown,single,Central,Student,0.0,0.0,0.0089992800575953,0.0,0.9910007199424046,0.0,0.0,0.0,0.0,0.0
336,0.0,41,Male,master's degree,married,Southern,Freelancer,0.1951524198398144,0.0273813828160654,0.0,0.0,0.0,0.0,0.7774661973441203,0.0,0.0,0.0
338,0.0,29,Female,less than high school,single,Central,Freelancer,0.0,0.0,0.0660744031093836,0.9161576901721266,0.0,0.0,0.0,0.0177679067184897,0.0,0.0
346,0.0,47,Male,bachelor's degree,married,Central,Entrepreneur,1.0,0.0,0.0,0.0,0.0,0.0,0.0,0.0,0.0,0.0
347,0.0,55,Male,bachelor's degree,single,Central,Entrepreneur,0.0,0.0,0.0,1.0,0.0,0.0,0.0,0.0,0.0,0.0
348,0.0,30,Male,bachelor's degree,single,Central,Corporate Employee,0.6429762771759281,0.0366466472430677,0.2015747774980592,0.0914972388455403,0.0,0.0,0.0168459784620093,0.010459080775395,0.0,0.0
349,0.0,39,Female,Unknown,others,Central,Corporate Employee,0.0,0.0,0.0,1.0,0.0,0.0,0.0,0.0,0.0,0.0
353,0.0,32,Female,vocational certificate,married,Central,Corporate Employee,0.2775320031122864,0.0122940018762948,0.0405776494929307,0.0205681727357035,0.2036407607277979,0.0,0.0269034981609777,0.0110976929914033,0.0046969023872707,0.4026893185153349
354,0.0,46,Male,high school,married,Central,Freelancer,0.0,1.0,0.0,0.0,0.0,0.0,0.0,0.0,0.0,0.0
359,0.0,25,Male,vocational certificate,single,Northeastern,Student,0.2019951612977271,0.323348345246457,0.3139785242417147,0.0229539956020144,0.0,0.0,0.0,0.0,0.0,0.1377239736120866
360,0.0,43,Female,vocational certificate,single,Eastern,Entrepreneur,0.0,0.0,0.3486029499940041,0.3486029499940041,0.0,0.0,0.3027941000119918,0.0,0.0,0.0
365,0.0,45,Female,master's degree,married,Central,Corporate Employee,0.7614038570110583,0.0034380105630248,0.0703084443387038,0.0068143838026,0.0,0.0,0.0,0.1580353042846128,0.0,0.0
368,0.0,41,Female,bachelor's degree,married,Central,Corporate Employee,0.7789522220756824,0.0770807514072021,0.069224984218999,0.069224984218999,0.0,0.0,0.0,0.0,0.0055170580791174,0.0
369,0.0,45,Female,bachelor's degree,married,Southern,Entrepreneur,0.0,0.0,0.0,0.0,0.0,0.0,0.0,0.0,0.5,0.5
370,0.0,39,Male,less than high school,married,Southern,Entrepreneur,0.0,1.0,0.0,0.0,0.0,0.0,0.0,0.0,0.0,0.0
374,0.0,24,Male,bachelor's degree,single,Central,Student,0.972914526680002,0.0,0.0,0.0270854733199978,0.0,0.0,0.0,0.0,0.0,0.0
376,0.0,62,Male,Unknown,single,Central,Corporate Employee,0.0,0.8154739807394144,0.1845260192605856,0.0,0.0,0.0,0.0,0.0,0.0,0.0
378,0.0,20,Female,Unknown,single,Northern,Student,0.0,0.0,1.0,0.0,0.0,0.0,0.0,0.0,0.0,0.0
379,0.0,36,Female,vocational certificate,single,Northeastern,Corporate Employee,0.0,0.0,0.1465264609550077,0.5087053956214446,0.3447681434235476,0.0,0.0,0.0,0.0,0.0
381,0.0,32,Male,bachelor's degree,single,Western,Corporate Employee,0.7705100872291158,0.0,0.2294899127708841,0.0,0.0,0.0,0.0,0.0,0.0,0.0
383,0.0,48,Female,vocational certificate,married,Central,Corporate Employee,0.0,0.7621075369090157,0.0,0.2378924630909843,0.0,0.0,0.0,0.0,0.0,0.0
384,0.0,32,Male,others,single,Northeastern,Corporate Employee,0.6814392383345819,0.0,0.030447285117077,0.1914554285576202,0.0,0.0966580479907208,0.0,0.0,0.0,0.0
390,0.0,24,Female,high school,single,Central,Corporate Employee,0.0,0.0,1.0,0.0,0.0,0.0,0.0,0.0,0.0,0.0
395,0.0,52,Male,bachelor's degree,single,Central,Corporate Employee,0.8237662906035124,0.0,0.1762337093964876,0.0,0.0,0.0,0.0,0.0,0.0,0.0
396,0.0,43,Female,bachelor's degree,married,Central,Entrepreneur,0.0,0.9375,0.0,0.0625,0.0,0.0,0.0,0.0,0.0,0.0
398,0.0,39,Female,others,single,Central,Freelancer,0.8583192594219472,0.0,0.1416807405780527,0.0,0.0,0.0,0.0,0.0,0.0,0.0
400,0.0,41,Female,Unknown,single,Central,Corporate Employee,0.0,0.0,0.5190829105897273,0.4809170894102727,0.0,0.0,0.0,0.0,0.0,0.0
401,0.0,34,Female,less than high school,single,Central,Corporate Employee,0.0,0.5929416074735921,0.0,0.4070583925264078,0.0,0.0,0.0,0.0,0.0,0.0
405,0.0,28,Male,less than high school,single,Northeastern,Corporate Employee,0.0,0.0,0.0,1.0,0.0,0.0,0.0,0.0,0.0,0.0
406,0.0,28,Male,vocational certificate,single,Southern,Freelancer,1.0,0.0,0.0,0.0,0.0,0.0,0.0,0.0,0.0,0.0
408,0.0,51,Female,others,married,Northeastern,Corporate Employee,0.0,0.0,0.0,1.0,0.0,0.0,0.0,0.0,0.0,0.0
410,0.0,51,Female,high school,married,Central,Unemployed,0.0,1.0,0.0,0.0,0.0,0.0,0.0,0.0,0.0,0.0
416,0.0,22,Male,Unknown,single,Central,Corporate Employee,0.0,0.0,1.0,0.0,0.0,0.0,0.0,0.0,0.0,0.0
419,0.0,25,Male,Unknown,Unknown,Central,Corporate Employee,0.0,0.0,0.3359149015582719,0.0,0.0,0.0,0.0,0.0,0.6640850984417281,0.0
420,0.0,51,Female,Unknown,Unknown,Northeastern,Freelancer,0.0,0.0,0.0,0.0,0.0,0.0,0.0,0.0,0.0,1.0
421,0.0,21,Female,Unknown,single,Central,Corporate Employee,0.4672360796384553,0.0,0.2610676280647753,0.2716962922967693,0.0,0.0,0.0,0.0,0.0,0.0
422,0.0,36,Female,vocational certificate,single,Southern,Corporate Employee,0.4733433703086273,0.4300305531680884,0.064417384348856,0.032208692174428,0.0,0.0,0.0,0.0,0.0,0.0
423,0.0,47,Female,bachelor's degree,married,Central,Corporate Employee,1.0,0.0,0.0,0.0,0.0,0.0,0.0,0.0,0.0,0.0
425,0.0,25,Female,Unknown,single,Central,Student,0.0,0.0395121903475545,0.3967734399236063,0.3637086674386036,0.0,0.0,0.0,0.0,0.2000057022902355,0.0
432,0.0,27,Female,others,others,Southern,Student,0.0,0.0,0.8872,0.0,0.0,0.0,0.0,0.0,0.1128,0.0
436,0.0,33,Female,bachelor's degree,single,Southern,Entrepreneur,0.0,0.0,0.0,1.0,0.0,0.0,0.0,0.0,0.0,0.0
442,0.0,32,Female,high school,single,Central,Corporate Employee,0.0,1.0,0.0,0.0,0.0,0.0,0.0,0.0,0.0,0.0
445,0.0,46,Female,less than high school,married,Northeastern,Freelancer,0.9090392162346076,0.0909607837653923,0.0,0.0,0.0,0.0,0.0,0.0,0.0,0.0
448,0.0,23,Male,Unknown,single,Central,Freelancer,0.0,0.0,0.2674418604651162,0.2674418604651162,0.0,0.0,0.0,0.4651162790697674,0.0,0.0
449,0.0,38,Female,bachelor's degree,others,Central,Corporate Employee,1.0,0.0,0.0,0.0,0.0,0.0,0.0,0.0,0.0,0.0
452,0.0,34,Male,bachelor's degree,single,Central,Corporate Employee,0.0,0.0571326866601406,0.0,0.4360594464714781,0.1779834475393788,0.3288244193290024,0.0,0.0,0.0,0.0
453,0.0,80,Female,bachelor's degree,married,Central,Entrepreneur,0.0,1.0,0.0,0.0,0.0,0.0,0.0,0.0,0.0,0.0
456,0.0,34,Female,others,single,Central,Corporate Employee,0.0,0.6030507670607033,0.0,0.0,0.0,0.3969492329392967,0.0,0.0,0.0,0.0
457,0.0,28,Female,high school,single,Central,Student,0.4636555842678569,0.4590684850208336,0.0772759307113094,0.0,0.0,0.0,0.0,0.0,0.0,0.0
459,0.0,53,Male,bachelor's degree,married,Central,Corporate Employee,0.9850246009199392,0.0149753990800608,0.0,0.0,0.0,0.0,0.0,0.0,0.0,0.0
467,0.0,38,Male,vocational certificate,married,Central,Entrepreneur,1.0,0.0,0.0,0.0,0.0,0.0,0.0,0.0,0.0,0.0
474,0.0,52,Female,doctorate's degree,divorce,Central,Corporate Employee,0.0,0.0,1.0,0.0,0.0,0.0,0.0,0.0,0.0,0.0
475,0.0,33,Male,bachelor's degree,single,Central,Corporate Employee,1.0,0.0,0.0,0.0,0.0,0.0,0.0,0.0,0.0,0.0
478,0.0,36,Female,Unknown,single,Central,Corporate Employee,0.0,0.0,0.6204238921001927,0.3795761078998073,0.0,0.0,0.0,0.0,0.0,0.0
480,0.0,41,Male,vocational certificate,married,Northeastern,Corporate Employee,0.0,0.0942037380290392,0.2115481155390794,0.6942481464318814,0.0,0.0,0.0,0.0,0.0,0.0
481,0.0,58,Male,high school,single,Central,Freelancer,0.0,0.0,0.0,0.9285714285714286,0.0,0.0,0.0,0.0714285714285714,0.0,0.0
484,2.0,47,Female,high school,single,Central,Corporate Employee,0.0,0.0,0.0,0.0,1.0,0.0,0.0,0.0,0.0,0.0
487,0.0,38,Male,vocational certificate,single,Northern,Corporate Employee,0.251604621309371,0.0,0.0,0.748395378690629,0.0,0.0,0.0,0.0,0.0,0.0
488,0.0,75,Male,others,married,Central,Corporate Employee,0.4590728065559324,0.0608878935766905,0.0171581758124015,0.4438747010796035,0.0,0.0,0.0071032330083721,0.0073845491671195,0.0045186407998803,0.0
489,0.0,55,Female,bachelor's degree,married,Southern,Entrepreneur,0.0,0.0,0.0,0.0,1.0,0.0,0.0,0.0,0.0,0.0
499,0.0,26,Male,high school,single,Central,Student,0.0,0.2851405882096274,0.3119783190824718,0.1378490060488725,0.1034271557693768,0.0,0.1616049308896513,0.0,0.0,0.0
500,1.0,63,Female,master's degree,married,Central,Professional,0.0,0.0169728656224917,0.615166445120539,0.3044107243130748,0.0,0.0634499649438943,0.0,0.0,0.0,0.0
503,0.0,61,Female,less than high school,married,Southern,Entrepreneur,0.0,0.0,0.0,1.0,0.0,0.0,0.0,0.0,0.0,0.0
504,0.0,49,Female,master's degree,married,Southern,Professional,0.926195771532622,0.0,0.0738042284673779,0.0,0.0,0.0,0.0,0.0,0.0,0.0
505,0.0,60,Male,less than high school,married,Northeastern,Freelancer,0.0,0.0,0.0,1.0,0.0,0.0,0.0,0.0,0.0,0.0
508,0.0,52,Male,master's degree,married,Central,Entrepreneur,1.0,0.0,0.0,0.0,0.0,0.0,0.0,0.0,0.0,0.0
510,0.0,36,Female,high school,single,Central,Student,0.6772773450728073,0.0,0.247544869624111,0.0320013545546901,0.0,0.0,0.0431764307483914,0.0,0.0,0.0
517,0.0,30,Female,vocational certificate,single,Northeastern,Student,0.2974470544243125,0.0,0.7025529455756876,0.0,0.0,0.0,0.0,0.0,0.0,0.0
518,0.0,42,Female,bachelor's degree,married,Central,Entrepreneur,0.0,0.0,0.0,0.0,1.0,0.0,0.0,0.0,0.0,0.0
521,0.0,31,Male,bachelor's degree,single,Central,Freelancer,0.0,0.0,0.0,0.0,1.0,0.0,0.0,0.0,0.0,0.0
523,0.0,34,Male,bachelor's degree,single,Central,Professional,0.5939878732186596,0.0,0.3232666796421738,0.0827454471391665,0.0,0.0,0.0,0.0,0.0,0.0
524,1.0,37,Male,master's degree,married,Central,Entrepreneur,0.0,1.0,0.0,0.0,0.0,0.0,0.0,0.0,0.0,0.0
529,0.0,49,Female,high school,married,Central,Freelancer,1.0,0.0,0.0,0.0,0.0,0.0,0.0,0.0,0.0,0.0
530,0.0,23,Male,less than high school,single,Central,Student,0.0,0.2723880597014925,0.7276119402985075,0.0,0.0,0.0,0.0,0.0,0.0,0.0
532,0.0,29,Male,others,single,Northeastern,Corporate Employee,0.8680391024391639,0.0,0.131960897560836,0.0,0.0,0.0,0.0,0.0,0.0,0.0
533,0.0,29,Female,high school,single,Central,Student,0.0,0.0,0.7197584157187277,0.1213648414215388,0.0,0.0,0.0,0.0,0.1588767428597336,0.0
537,0.0,34,Male,bachelor's degree,single,Central,Corporate Employee,0.0,0.0246313106354201,0.9753686893645798,0.0,0.0,0.0,0.0,0.0,0.0,0.0
540,0.0,45,Female,vocational certificate,single,Central,Corporate Employee,0.0,0.0,1.0,0.0,0.0,0.0,0.0,0.0,0.0,0.0
541,0.0,45,Male,less than high school,married,Central,Corporate Employee,0.0,0.6448573499374053,0.0,0.0,0.0,0.0,0.3551426500625947,0.0,0.0,0.0
544,0.0,27,Male,bachelor's degree,single,Western,Student,0.0,0.0,1.0,0.0,0.0,0.0,0.0,0.0,0.0,0.0
548,0.0,34,Female,others,single,Northeastern,Professional,1.0,0.0,0.0,0.0,0.0,0.0,0.0,0.0,0.0,0.0
549,1.0,47,Female,vocational certificate,single,Southern,Freelancer,0.0,0.0,0.0,0.0,0.0,0.0,1.0,0.0,0.0,0.0
551,0.0,40,Female,bachelor's degree,married,Southern,Corporate Employee,0.855317096696407,0.0,0.1446829033035929,0.0,0.0,0.0,0.0,0.0,0.0,0.0
553,0.0,29,Female,others,others,Central,Student,0.0,0.0,0.4942173381487049,0.2458087997639156,0.2599738620873792,0.0,0.0,0.0,0.0,0.0
554,0.0,29,Male,bachelor's degree,single,Central,Corporate Employee,0.0,0.0,0.0,0.9438202247191012,0.0,0.0561797752808988,0.0,0.0,0.0,0.0
555,0.0,56,Male,vocational certificate,single,Central,Corporate Employee,0.0,0.0,0.0,1.0,0.0,0.0,0.0,0.0,0.0,0.0
559,0.0,36,Female,bachelor's degree,married,Northern,Corporate Employee,0.6344977124384269,0.042551359228064,0.0014240501374207,0.0,0.3215268781960883,0.0,0.0,0.0,0.0,0.0
560,0.0,37,Male,bachelor's degree,single,Central,Freelancer,0.0,0.0093880964188131,0.9799159884484115,0.0106959151327752,0.0,0.0,0.0,0.0,0.0,0.0
563,0.0,33,Female,bachelor's degree,married,Central,Corporate Employee,1.0,0.0,0.0,0.0,0.0,0.0,0.0,0.0,0.0,0.0
566,0.0,25,Male,vocational certificate,single,Southern,Student,0.0,1.0,0.0,0.0,0.0,0.0,0.0,0.0,0.0,0.0
567,0.0,22,Female,Unknown,single,Northern,Student,0.5056696291756053,0.0,0.4186331596690162,0.0680355501072632,0.0076616610481152,0.0,0.0,0.0,0.0,0.0
574,0.0,35,Male,vocational certificate,single,Central,Corporate Employee,0.8757733801091667,0.0,0.021687608221165,0.0422474608148294,0.0,0.0,0.0108438041105825,0.0494477467442562,0.0,0.0
575,0.0,49,Male,others,married,Central,Corporate Employee,0.0,0.0,0.0,1.0,0.0,0.0,0.0,0.0,0.0,0.0
576,0.0,38,Female,high school,single,Central,Corporate Employee,0.0,0.0,0.0350151640474221,0.964984835952578,0.0,0.0,0.0,0.0,0.0,0.0
578,0.0,54,Female,bachelor's degree,married,Northeastern,Corporate Employee,1.0,0.0,0.0,0.0,0.0,0.0,0.0,0.0,0.0,0.0
582,0.0,24,Male,others,others,Southern,Student,0.8549274120867316,0.0892679265499047,0.0558046613633636,0.0,0.0,0.0,0.0,0.0,0.0,0.0
594,1.0,64,Female,master's degree,married,Central,Corporate Employee,1.0,0.0,0.0,0.0,0.0,0.0,0.0,0.0,0.0,0.0
598,0.0,55,Male,high school,single,Central,Entrepreneur,0.0,1.0,0.0,0.0,0.0,0.0,0.0,0.0,0.0,0.0
604,0.0,42,Female,bachelor's degree,married,Central,Entrepreneur,1.0,0.0,0.0,0.0,0.0,0.0,0.0,0.0,0.0,0.0
605,0.0,42,Female,bachelor's degree,single,Central,Entrepreneur,0.0,0.7961249468650643,0.2038750531349357,0.0,0.0,0.0,0.0,0.0,0.0,0.0
607,0.0,26,Female,vocational certificate,single,Central,Corporate Employee,0.0,1.0,0.0,0.0,0.0,0.0,0.0,0.0,0.0,0.0
608,0.0,31,Female,bachelor's degree,single,Eastern,Corporate Employee,0.0682201321730721,0.0965908553278397,0.417594506249544,0.417594506249544,0.0,0.0,0.0,0.0,0.0,0.0
609,2.0,67,Male,less than high school,married,Central,Freelancer,0.0,0.0,0.0,0.8771929824561403,0.0,0.0,0.0,0.1228070175438596,0.0,0.0
610,0.0,25,Female,high school,single,Central,Corporate Employee,0.0,0.0,1.0,0.0,0.0,0.0,0.0,0.0,0.0,0.0
612,0.0,47,Female,vocational certificate,single,Central,Entrepreneur,0.0,1.0,0.0,0.0,0.0,0.0,0.0,0.0,0.0,0.0
613,0.0,39,Male,high school,single,Northeastern,Corporate Employee,0.0511934078423943,0.9488065921576057,0.0,0.0,0.0,0.0,0.0,0.0,0.0,0.0
615,0.0,56,Female,vocational certificate,divorce,Southern,Homemaker,1.0,0.0,0.0,0.0,0.0,0.0,0.0,0.0,0.0,0.0
616,0.0,49,Female,master's degree,divorce,Central,Professional,0.1012829169480081,0.0,0.8987170830519919,0.0,0.0,0.0,0.0,0.0,0.0,0.0
617,0.0,27,Male,less than high school,single,Central,Corporate Employee,0.0,0.0,1.0,0.0,0.0,0.0,0.0,0.0,0.0,0.0
625,0.0,57,Female,high school,single,Central,Unemployed,0.0,0.7563847357341329,0.0229069359911487,0.0,0.0,0.0,0.0941475069236214,0.0,0.0,0.1265608213510969
629,0.0,59,Male,Unknown,single,Central,Freelancer,0.0,0.0,0.0,0.0,0.0,1.0,0.0,0.0,0.0,0.0
630,0.0,50,Male,master's degree,married,Central,Professional,0.7571525554290185,0.0,0.0,0.2428474445709814,0.0,0.0,0.0,0.0,0.0,0.0
631,0.0,32,Female,bachelor's degree,single,Southern,Corporate Employee,0.0,0.0,0.9192699192699192,0.0,0.0,0.0807300807300807,0.0,0.0,0.0,0.0
635,0.0,43,Female,bachelor's degree,married,Central,Corporate Employee,0.3806112296800465,0.1589201734563,0.0129572792225175,0.0,0.4475113176411359,0.0,0.0,0.0,0.0,0.0
636,0.0,48,Female,bachelor's degree,married,Central,Professional,0.9593757661681466,0.0406242338318534,0.0,0.0,0.0,0.0,0.0,0.0,0.0,0.0
639,0.0,39,Male,high school,single,Central,Corporate Employee,0.0,0.0,0.0,1.0,0.0,0.0,0.0,0.0,0.0,0.0
640,0.0,42,Female,high school,married,Central,Unemployed,0.0,0.1034424347742907,0.6625839982781848,0.0,0.0,0.0,0.0,0.2339735669475244,0.0,0.0
641,0.0,28,Female,high school,single,Western,Student,0.0,0.0,1.0,0.0,0.0,0.0,0.0,0.0,0.0,0.0
646,0.0,30,Female,others,married,Central,Corporate Employee,1.0,0.0,0.0,0.0,0.0,0.0,0.0,0.0,0.0,0.0
649,0.0,30,Female,bachelor's degree,single,Central,Corporate Employee,1.0,0.0,0.0,0.0,0.0,0.0,0.0,0.0,0.0,0.0
652,0.0,30,Female,less than high school,single,Central,Professional,0.3377546794789136,0.2520939855112392,0.2107561978846841,0.1993951371251631,0.0,0.0,0.0,0.0,0.0,0.0
659,0.0,36,Male,bachelor's degree,single,Central,Professional,0.0,0.0,0.3054794520547945,0.3054794520547945,0.0,0.2123287671232876,0.1082191780821917,0.0,0.0684931506849315,0.0
661,1.0,60,Female,bachelor's degree,single,Central,Corporate Employee,0.971060710012698,0.028939289987302,0.0,0.0,0.0,0.0,0.0,0.0,0.0,0.0
662,1.0,50,Male,doctorate's degree,married,Central,Corporate Employee,1.0,0.0,0.0,0.0,0.0,0.0,0.0,0.0,0.0,0.0
664,0.0,51,Male,bachelor's degree,married,Central,Entrepreneur,0.0,1.0,0.0,0.0,0.0,0.0,0.0,0.0,0.0,0.0
667,0.0,26,Male,high school,single,Central,Student,0.0,0.0,0.5012581662983383,0.4987418337016617,0.0,0.0,0.0,0.0,0.0,0.0
670,0.0,53,Male,less than high school,married,Central,Entrepreneur,1.0,0.0,0.0,0.0,0.0,0.0,0.0,0.0,0.0,0.0
673,0.0,22,Female,Unknown,single,Northern,Student,0.9868438882625118,0.0,0.0131561117374882,0.0,0.0,0.0,0.0,0.0,0.0,0.0
674,0.0,32,Female,others,others,Eastern,Student,0.0,0.0,0.0,1.0,0.0,0.0,0.0,0.0,0.0,0.0
675,0.0,50,Female,bachelor's degree,married,Central,Corporate Employee,1.0,0.0,0.0,0.0,0.0,0.0,0.0,0.0,0.0,0.0
679,0.0,36,Female,high school,married,Eastern,Corporate Employee,0.0,1.0,0.0,0.0,0.0,0.0,0.0,0.0,0.0,0.0
680,0.0,38,Male,bachelor's degree,single,Eastern,Corporate Employee,0.0,0.0017389533261902,0.0452783021076786,0.0297826477244895,0.8541204696013845,0.0,0.0690796272402571,0.0,0.0,0.0
686,0.0,28,Female,high school,single,Central,Student,1.0,0.0,0.0,0.0,0.0,0.0,0.0,0.0,0.0,0.0
688,0.0,26,Male,Unknown,single,Central,Freelancer,0.0,0.0,0.0,1.0,0.0,0.0,0.0,0.0,0.0,0.0
691,0.0,60,Female,others,divorce,Northern,Unemployed,1.0,0.0,0.0,0.0,0.0,0.0,0.0,0.0,0.0,0.0
695,0.0,35,Male,high school,single,Central,Corporate Employee,0.0,1.0,0.0,0.0,0.0,0.0,0.0,0.0,0.0,0.0
696,0.0,30,Male,bachelor's degree,single,Central,Student,0.1846131655737886,0.0118718725382507,0.3876665668097948,0.3876665668097948,0.0,0.0281818282683708,0.0,0.0,0.0,0.0
697,0.0,52,Female,bachelor's degree,single,Eastern,Corporate Employee,0.0,0.0,0.0,0.0,0.0,1.0,0.0,0.0,0.0,0.0
698,0.0,42,Female,vocational certificate,divorce,Eastern,Corporate Employee,0.0,0.0,0.7912200102092904,0.0,0.0,0.2087799897907095,0.0,0.0,0.0,0.0
702,0.0,36,Female,others,single,Southern,Corporate Employee,0.0,0.0,0.3226466017829394,0.0,0.0,0.0064611106567432,0.089801259507647,0.5765927864562035,0.0044982415964668,0.0
703,0.0,41,Male,Unknown,Unknown,Southern,Freelancer,0.0,0.0,0.5,0.5,0.0,0.0,0.0,0.0,0.0,0.0
705,0.0,25,Male,Unknown,Unknown,Central,Corporate Employee,0.0,0.0,0.0,0.4570791527313266,0.0,0.5429208472686734,0.0,0.0,0.0,0.0
707,0.0,36,Female,high school,married,Central,Corporate Employee,1.0,0.0,0.0,0.0,0.0,0.0,0.0,0.0,0.0,0.0
712,0.0,50,Male,bachelor's degree,single,Central,Corporate Employee,0.0,1.0,0.0,0.0,0.0,0.0,0.0,0.0,0.0,0.0
716,0.0,56,Male,high school,married,Central,Corporate Employee,0.0,0.3661337964782393,0.0,0.6338662035217606,0.0,0.0,0.0,0.0,0.0,0.0
723,0.0,43,Female,bachelor's degree,divorce,Eastern,Entrepreneur,0.9858560985732592,0.0,0.0,0.0,0.0141439014267407,0.0,0.0,0.0,0.0,0.0
724,0.0,33,Male,others,single,Northeastern,Corporate Employee,0.7572889057175313,0.2427110942824687,0.0,0.0,0.0,0.0,0.0,0.0,0.0,0.0
728,0.0,25,Female,bachelor's degree,single,Western,Corporate Employee,1.0,0.0,0.0,0.0,0.0,0.0,0.0,0.0,0.0,0.0
729,2.0,47,Female,high school,married,Western,Freelancer,0.7624494729420215,0.2375505270579785,0.0,0.0,0.0,0.0,0.0,0.0,0.0,0.0
736,0.0,26,Male,high school,single,Western,Corporate Employee,0.0,1.0,0.0,0.0,0.0,0.0,0.0,0.0,0.0,0.0
737,0.0,42,Female,bachelor's degree,single,Central,Entrepreneur,0.0,0.0,0.8850574712643678,0.0,0.0,0.0,0.1149425287356321,0.0,0.0,0.0
738,0.0,48,Female,high school,married,Northeastern,Homemaker,0.0,0.5676438653637351,0.2210640608034745,0.1220412595005428,0.0,0.0,0.0462540716612377,0.0,0.0429967426710097,0.0
740,0.0,37,Female,others,single,Eastern,Entrepreneur,0.4343443919359931,0.0739678042638923,0.2385919156688052,0.0254989193292407,0.2197536657211508,0.0,0.0078433030809176,0.0,0.0,0.0
742,1.0,60,Female,less than high school,married,Eastern,Homemaker,0.0,0.939941863724085,0.0,0.0,0.0,0.0,0.060058136275915,0.0,0.0,0.0
743,0.0,33,Female,bachelor's degree,single,Central,Corporate Employee,0.0,0.0,0.0,0.0,1.0,0.0,0.0,0.0,0.0,0.0
746,1.0,57,Male,high school,married,Central,Entrepreneur,0.0,1.0,0.0,0.0,0.0,0.0,0.0,0.0,0.0,0.0
750,0.0,40,Male,vocational certificate,single,Eastern,Freelancer,0.0,0.0,1.0,0.0,0.0,0.0,0.0,0.0,0.0,0.0
753,0.0,24,Male,less than high school,single,Eastern,Corporate Employee,0.0,0.0,0.5,0.5,0.0,0.0,0.0,0.0,0.0,0.0
755,0.0,36,Female,others,married,Central,Entrepreneur,0.7911163757222728,0.1180928267637634,0.0386026256569739,0.0521881718569898,0.0,0.0,0.0,0.0,0.0,0.0
761,0.0,35,Female,others,single,Western,Corporate Employee,0.0,0.0,0.0,0.0,1.0,0.0,0.0,0.0,0.0,0.0
764,0.0,33,Female,less than high school,single,Northeastern,Student,0.0,0.0,0.4562973766429187,0.4562973766429187,0.0,0.0,0.0017138283669443,0.0,0.0,0.0856914183472181
767,0.0,35,Female,others,single,Eastern,Corporate Employee,0.0,0.6336753258373348,0.3663246741626651,0.0,0.0,0.0,0.0,0.0,0.0,0.0
769,0.0,23,Male,Unknown,single,Western,Student,0.0,0.0572537529422799,0.6331036084523273,0.2898115600895078,0.0,0.0,0.0137566941056138,0.0,0.006074384410271,0.0
770,0.0,31,Female,high school,single,Eastern,Entrepreneur,0.0,0.0,0.0,1.0,0.0,0.0,0.0,0.0,0.0,0.0
771,0.0,30,Female,high school,single,Northeastern,Homemaker,0.0,0.0,1.0,0.0,0.0,0.0,0.0,0.0,0.0,0.0
773,0.0,47,Male,vocational certificate,single,Eastern,Corporate Employee,0.0,0.0,0.0,0.0,0.0,1.0,0.0,0.0,0.0,0.0
775,0.0,51,Male,others,married,Central,Corporate Employee,0.0,0.8024483237740272,0.0329252793709954,0.1646263968549773,0.0,0.0,0.0,0.0,0.0,0.0
776,1.0,47,Male,high school,married,Central,Corporate Employee,0.0,0.0931160532410637,0.0,0.0,0.9068839467589362,0.0,0.0,0.0,0.0,0.0
780,0.0,61,Male,bachelor's degree,married,Central,Entrepreneur,0.997442490128012,0.0,0.0,0.0,0.0,0.0,0.0,0.0025575098719881,0.0,0.0
782,0.0,23,Female,Unknown,single,Central,Student,0.0,0.1570619754252702,0.1803735581207962,0.0,0.6625644664539336,0.0,0.0,0.0,0.0,0.0
785,0.0,42,Male,bachelor's degree,married,Southern,Corporate Employee,0.6671848468977573,0.0833113718321229,0.2495037812701197,0.0,0.0,0.0,0.0,0.0,0.0,0.0
787,0.0,23,Female,Unknown,single,Central,Corporate Employee,0.0,0.0,0.0,1.0,0.0,0.0,0.0,0.0,0.0,0.0
789,0.0,34,Male,vocational certificate,single,Central,Corporate Employee,0.0,0.5833099162605477,0.0,0.0,0.4166900837394522,0.0,0.0,0.0,0.0,0.0
790,0.0,20,Female,less than high school,single,Central,Student,1.0,0.0,0.0,0.0,0.0,0.0,0.0,0.0,0.0,0.0
792,0.0,33,Female,high school,single,Central,Corporate Employee,0.0,0.0,0.6853415195702226,0.0,0.0,0.3146584804297774,0.0,0.0,0.0,0.0
797,0.0,42,Male,Unknown,others,Central,Professional,1.0,0.0,0.0,0.0,0.0,0.0,0.0,0.0,0.0,0.0
800,0.0,44,Male,high school,single,Central,Corporate Employee,0.9224806201550388,0.0,0.0387596899224806,0.0387596899224806,0.0,0.0,0.0,0.0,0.0,0.0
814,0.0,49,Male,high school,single,Southern,Entrepreneur,0.5240014497373443,0.0,0.0371473361076299,0.0,0.3580676573205186,0.0807835568345072,0.0,0.0,0.0,0.0
816,0.0,23,Female,Unknown,Unknown,Central,Student,0.932673396142686,0.0,0.0,0.0,0.067326603857314,0.0,0.0,0.0,0.0,0.0
817,0.0,21,Male,high school,single,Central,Corporate Employee,0.0,0.2182188987083616,0.0,0.0,0.0,0.0,0.0,0.1019714479945615,0.0,0.6798096532970769
831,0.0,37,Female,high school,married,Eastern,Corporate Employee,0.6750170221683852,0.1896760874839452,0.1353068903476696,0.0,0.0,0.0,0.0,0.0,0.0,0.0
833,0.0,46,Male,bachelor's degree,single,Central,Corporate Employee,0.0,0.6289593151081374,0.0,0.2980419936849653,0.0,0.0,0.0341236485523366,0.0388750426545606,0.0,0.0
834,0.0,26,Female,Unknown,single,Northern,Corporate Employee,0.3792295272403074,0.0,0.527061067760088,0.0937094049996046,0.0,0.0,0.0,0.0,0.0,0.0
836,0.0,31,Female,less than high school,single,Northeastern,Corporate Employee,0.7072323727774371,0.2927676272225628,0.0,0.0,0.0,0.0,0.0,0.0,0.0,0.0
837,0.0,27,Male,Unknown,single,Central,Entrepreneur,0.152862030146451,0.0484218182005748,0.2979846056834403,0.4836582714470115,0.0,0.0,0.0119151855429082,0.0,0.0051580889796139,0.0
838,0.0,43,Female,high school,married,Southern,Entrepreneur,0.5290475988934249,0.1047321864863929,0.3621802147740871,0.0,0.0,0.0040399998460952,0.0,0.0,0.0,0.0
841,0.0,43,Female,bachelor's degree,married,Central,Corporate Employee,0.3007140394724465,0.0212355834682336,0.0,0.0,0.6780503770593199,0.0,0.0,0.0,0.0,0.0
847,0.0,33,Female,bachelor's degree,single,Central,Corporate Employee,0.0,0.0,0.0,0.0,0.0,0.0,0.0,0.0,0.0,1.0
848,0.0,38,Female,bachelor's degree,married,Northeastern,Entrepreneur,0.8799687834081676,0.0,0.0671126790677784,0.0451571520205259,0.0,0.0,0.0,0.0,0.0077613855035279,0.0
851,1.0,48,Female,bachelor's degree,married,Central,Corporate Employee,0.8491708818281524,0.1345618687488746,0.013044492461818,0.003222756961155,0.0,0.0,0.0,0.0,0.0,0.0
856,0.0,54,Female,doctorate's degree,single,Central,Professional,0.9673967487682208,0.0024928408735572,0.030110410358222,0.0,0.0,0.0,0.0,0.0,0.0,0.0
859,0.0,40,Female,high school,single,Central,Corporate Employee,0.6921385435935825,0.1536482138615572,0.0,0.0,0.0575825409735768,0.0966307015712835,0.0,0.0,0.0,0.0
860,0.0,50,Male,others,single,Northern,Corporate Employee,0.0,0.0,0.0,0.0,1.0,0.0,0.0,0.0,0.0,0.0
861,0.0,26,Female,bachelor's degree,single,Central,Entrepreneur,1.0,0.0,0.0,0.0,0.0,0.0,0.0,0.0,0.0,0.0
864,0.0,25,Male,high school,single,Central,Corporate Employee,1.0,0.0,0.0,0.0,0.0,0.0,0.0,0.0,0.0,0.0
867,0.0,27,Female,bachelor's degree,single,Central,Corporate Employee,0.4041337918038442,0.0,0.2965618368399176,0.2965618368399176,0.0,0.0,0.0027425345163205,0.0,0.0,0.0
868,0.0,42,Female,bachelor's degree,single,Central,Corporate Employee,1.0,0.0,0.0,0.0,0.0,0.0,0.0,0.0,0.0,0.0
869,0.0,51,Male,high school,single,Central,Corporate Employee,0.0,0.0,0.0,1.0,0.0,0.0,0.0,0.0,0.0,0.0
871,0.0,32,Female,vocational certificate,single,Northern,Corporate Employee,0.0,1.0,0.0,0.0,0.0,0.0,0.0,0.0,0.0,0.0
873,0.0,26,Male,Unknown,single,Western,Freelancer,0.0,0.0,0.3729299141382128,0.0,0.0,0.0,0.6270700858617871,0.0,0.0,0.0
874,0.0,48,Male,bachelor's degree,married,Northeastern,Entrepreneur,0.1419509462489961,0.025864199657118,0.4189057630633848,0.3282602035174102,0.0,0.0,0.0,0.0,0.0,0.0850188875130907
877,0.0,49,Male,less than high school,single,Central,Entrepreneur,0.0,0.0782309576132885,0.0,0.9217690423867114,0.0,0.0,0.0,0.0,0.0,0.0
881,0.0,61,Female,master's degree,single,Central,Corporate Employee,0.0,0.0,0.0,0.0,0.0,0.0,0.0,1.0,0.0,0.0
883,0.0,42,Male,vocational certificate,single,Central,Entrepreneur,0.8347790169351508,0.0,0.0,0.1652209830648492,0.0,0.0,0.0,0.0,0.0,0.0
887,1.0,40,Female,high school,single,Central,Corporate Employee,1.0,0.0,0.0,0.0,0.0,0.0,0.0,0.0,0.0,0.0
891,0.0,47,Female,bachelor's degree,single,Central,Corporate Employee,1.0,0.0,0.0,0.0,0.0,0.0,0.0,0.0,0.0,0.0
892,0.0,35,Male,high school,single,Central,Corporate Employee,0.0,0.0,1.0,0.0,0.0,0.0,0.0,0.0,0.0,0.0
895,0.0,27,Male,others,single,Central,Student,1.0,0.0,0.0,0.0,0.0,0.0,0.0,0.0,0.0,0.0
900,0.0,43,Female,less than high school,married,Central,Freelancer,0.0,0.0,1.0,0.0,0.0,0.0,0.0,0.0,0.0,0.0
901,0.0,34,Male,others,single,Northeastern,Corporate Employee,0.0,0.0,0.0,0.9206349206349206,0.0,0.0,0.0,0.0,0.0,0.0793650793650793
902,0.0,35,Female,bachelor's degree,single,Central,Professional,1.0,0.0,0.0,0.0,0.0,0.0,0.0,0.0,0.0,0.0
907,0.0,37,Female,bachelor's degree,single,Central,Professional,0.6246217880672633,0.0089004114158987,0.1856697292756617,0.1775295666472627,0.0,0.0,0.0,0.0032785045939134,0.0,0.0
911,0.0,45,Female,bachelor's degree,married,Central,Agriculture/Trade,1.0,0.0,0.0,0.0,0.0,0.0,0.0,0.0,0.0,0.0
913,2.0,51,Male,bachelor's degree,married,Central,Entrepreneur,0.0,0.0,0.0,0.0,1.0,0.0,0.0,0.0,0.0,0.0
915,0.0,40,Female,others,single,Central,Corporate Employee,0.0,0.0,0.0,1.0,0.0,0.0,0.0,0.0,0.0,0.0
917,0.0,64,Female,bachelor's degree,married,Northeastern,Corporate Employee,0.0,0.0,0.5455308434746118,0.0,0.0,0.0,0.0,0.4544691565253881,0.0,0.0
919,0.0,34,Female,vocational certificate,single,Eastern,Student,1.0,0.0,0.0,0.0,0.0,0.0,0.0,0.0,0.0,0.0
923,2.0,53,Male,less than high school,married,Central,Corporate Employee,0.0,0.0,0.0,0.0,0.2829880043620502,0.7170119956379498,0.0,0.0,0.0,0.0
924,0.0,27,Female,vocational certificate,Unknown,Northern,Student,0.0,0.0,0.7682149605835256,0.1612834711162817,0.0507008362897402,0.0,0.0,0.0,0.0198007320104525,0.0
926,0.0,36,Male,vocational certificate,single,Central,Corporate Employee,0.7914347826902479,0.1485558012728531,0.0600094160368988,0.0,0.0,0.0,0.0,0.0,0.0,0.0
931,0.0,37,Female,bachelor's degree,single,Central,Corporate Employee,0.0,0.0,0.0,0.0,1.0,0.0,0.0,0.0,0.0,0.0
936,0.0,46,Male,doctorate's degree,single,Southern,Professional,0.4933946570114492,0.0,0.0024464233290928,0.0,0.480110578334475,0.0,0.0,0.0145562188081025,0.0094921225168803,0.0
937,0.0,58,Male,others,married,Central,Corporate Employee,0.0,0.0,0.5091556113057824,0.0,0.0,0.0,0.0,0.4908443886942175,0.0,0.0
940,0.0,46,Male,bachelor's degree,single,Northeastern,Entrepreneur,0.8048019851782301,0.1951980148217699,0.0,0.0,0.0,0.0,0.0,0.0,0.0,0.0
942,0.0,27,Male,bachelor's degree,single,Central,Student,0.0,0.0,0.7040082173578798,0.0538432837984917,0.0,0.0,0.0,0.191982147609575,0.0501663512340535,0.0
943,0.0,60,Female,bachelor's degree,single,Central,Corporate Employee,0.0,0.0,0.0,0.8704945108326047,0.0,0.0,0.1295054891673953,0.0,0.0,0.0
944,0.0,30,Female,high school,single,Northeastern,Corporate Employee,0.467835527741867,0.5321644722581329,0.0,0.0,0.0,0.0,0.0,0.0,0.0,0.0
946,0.0,63,Female,master's degree,married,Central,Entrepreneur,0.0,0.0,0.0439061317183951,0.9560938682816048,0.0,0.0,0.0,0.0,0.0,0.0
951,2.0,52,Male,bachelor's degree,married,Central,Student,1.0,0.0,0.0,0.0,0.0,0.0,0.0,0.0,0.0,0.0
954,2.0,47,Female,bachelor's degree,married,Northern,Professional,0.0,1.0,0.0,0.0,0.0,0.0,0.0,0.0,0.0,0.0
956,0.0,32,Male,high school,single,Northeastern,Corporate Employee,0.0760136419149356,0.3790192213162522,0.5449671367688121,0.0,0.0,0.0,0.0,0.0,0.0,0.0
957,0.0,43,Female,less than high school,married,Central,Corporate Employee,0.6989884960022368,0.0,0.3010115039977633,0.0,0.0,0.0,0.0,0.0,0.0,0.0
959,0.0,60,Female,bachelor's degree,married,Central,Corporate Employee,0.8673219194803264,0.0,0.0,0.0,0.0,0.0,0.1326780805196735,0.0,0.0,0.0
963,0.0,44,Male,bachelor's degree,single,Central,Entrepreneur,0.0,1.0,0.0,0.0,0.0,0.0,0.0,0.0,0.0,0.0
965,0.0,49,Male,high school,single,Eastern,Entrepreneur,0.0,0.0,0.0,0.0,0.0,1.0,0.0,0.0,0.0,0.0
966,0.0,39,Male,vocational certificate,single,Eastern,Corporate Employee,0.0,0.0,1.0,0.0,0.0,0.0,0.0,0.0,0.0,0.0
969,0.0,44,Male,master's degree,single,Central,Corporate Employee,0.4015498784901266,0.2940021464532063,0.0318611142050457,0.0,0.2404612392833639,0.0208335617715106,0.0,0.0,0.0112920597967467,0.0
970,0.0,25,Female,others,single,Northeastern,Corporate Employee,0.0,0.0,1.0,0.0,0.0,0.0,0.0,0.0,0.0,0.0
972,0.0,40,Male,high school,single,Central,Corporate Employee,0.0,0.0,0.0,0.0413654618473895,0.9586345381526103,0.0,0.0,0.0,0.0,0.0
975,0.0,62,Female,bachelor's degree,married,Central,Corporate Employee,0.0,0.0,0.0,0.945945945945946,0.0,0.054054054054054,0.0,0.0,0.0,0.0
978,0.0,49,Male,less than high school,single,Eastern,Freelancer,0.0,1.0,0.0,0.0,0.0,0.0,0.0,0.0,0.0,0.0
980,0.0,31,Female,less than high school,single,Central,Corporate Employee,0.0,0.0450633044668474,0.9549366955331526,0.0,0.0,0.0,0.0,0.0,0.0,0.0
981,0.0,36,Male,others,single,Central,Student,0.0,0.0,0.0,0.6185248183083346,0.0,0.3092624091541673,0.0,0.0,0.072212772537498,0.0
983,0.0,36,Female,bachelor's degree,married,Central,Corporate Employee,0.3322038402763936,0.1200013703408411,0.3425654856820145,0.1571635605607601,0.0,0.0,0.0,0.0,0.0480657431399907,0.0
984,0.0,39,Male,high school,single,Central,Student,0.0,0.3532565910932866,0.0,0.56082058617943,0.0859228227272832,0.0,0.0,0.0,0.0,0.0
985,0.0,43,Female,bachelor's degree,single,Central,Corporate Employee,1.0,0.0,0.0,0.0,0.0,0.0,0.0,0.0,0.0,0.0
987,0.0,62,Female,high school,married,Central,Corporate Employee,0.0,1.0,0.0,0.0,0.0,0.0,0.0,0.0,0.0,0.0
989,0.0,46,Male,bachelor's degree,single,Central,Corporate Employee,0.0,0.0,0.1432409824846011,0.0,0.0,0.0,0.0,0.0,0.8567590175153988,0.0
992,0.0,31,Male,high school,single,Central,Student,0.0,1.0,0.0,0.0,0.0,0.0,0.0,0.0,0.0,0.0
994,0.0,23,Female,Unknown,Unknown,Central,Student,0.0,0.0,0.5211894036030462,0.4788105963969538,0.0,0.0,0.0,0.0,0.0,0.0
999,0.0,40,Female,high school,single,Central,Freelancer,0.0,1.0,0.0,0.0,0.0,0.0,0.0,0.0,0.0,0.0
1001,0.0,49,Male,bachelor's degree,married,Central,Corporate Employee,1.0,0.0,0.0,0.0,0.0,0.0,0.0,0.0,0.0,0.0
1009,0.0,46,Female,vocational certificate,married,Central,Unemployed,0.0,0.0,0.5,0.5,0.0,0.0,0.0,0.0,0.0,0.0
1011,0.0,19,Female,Unknown,single,Southern,Student,0.0,0.0,0.5,0.5,0.0,0.0,0.0,0.0,0.0,0.0
1013,0.0,22,Male,high school,single,Eastern,Student,0.7843855628715876,0.0,0.2125568894956422,0.0,0.0,0.0,0.0,0.0,0.0030575476327701,0.0
1015,0.0,45,Female,bachelor's degree,married,Central,Corporate Employee,0.9430583705162722,0.038757781323224,0.0,0.0181838481605037,0.0,0.0,0.0,0.0,0.0,0.0
1016,2.0,73,Female,less than high school,married,Northeastern,Entrepreneur,0.0,0.0,0.0,1.0,0.0,0.0,0.0,0.0,0.0,0.0
1024,0.0,58,Male,bachelor's degree,married,Central,Corporate Employee,0.986757785522702,0.0061565220020198,0.0,0.0,0.0,0.007085692475278,0.0,0.0,0.0,0.0
1029,0.0,48,Male,vocational certificate,single,Southern,Entrepreneur,0.0,0.0,0.2890995260663507,0.7109004739336493,0.0,0.0,0.0,0.0,0.0,0.0
1034,0.0,47,Male,bachelor's degree,married,Eastern,Entrepreneur,0.7367952461012601,0.0250652899030454,0.0,0.1619348355170722,0.0,0.0,0.0762046284786222,0.0,0.0,0.0
1036,0.0,46,Female,bachelor's degree,married,Southern,Entrepreneur,0.0,0.0118629932478925,0.0,0.8702121917238663,0.0,0.0,0.0,0.0,0.1179248150282411,0.0
1037,0.0,59,Male,vocational certificate,married,Northern,Corporate Employee,0.0,0.0,0.0,0.0,1.0,0.0,0.0,0.0,0.0,0.0
1038,0.0,30,Male,vocational certificate,single,Northern,Corporate Employee,0.0,0.0260398721230967,0.8498776621031651,0.102275354038459,0.0,0.0,0.0218071117352791,0.0,0.0,0.0
1043,0.0,38,Male,bachelor's degree,divorce,Central,Corporate Employee,0.2801565271320491,0.1375417257255796,0.0458089720905728,0.0,0.5364927750517984,0.0,0.0,0.0,0.0,0.0
1047,0.0,48,Female,bachelor's degree,single,Northeastern,Entrepreneur,0.0,0.0,0.5550789399931492,0.4344112976053311,0.0,0.0077850091863108,0.0,0.0,0.0,0.0027247532152087
1049,0.0,29,Female,bachelor's degree,single,Eastern,Corporate Employee,0.0,0.0,0.7854650602104877,0.196512107706974,0.0,0.0,0.0085371309864654,0.0,0.0094857010960727,0.0
1051,0.0,43,Male,bachelor's degree,married,Central,Corporate Employee,0.914420438280208,0.0,0.0663006494642343,0.0192789122555574,0.0,0.0,0.0,0.0,0.0,0.0
1054,0.0,25,Female,Unknown,single,Central,Corporate Employee,0.0,0.0,0.3075738018903277,0.6924261981096723,0.0,0.0,0.0,0.0,0.0,0.0
1063,0.0,54,Female,less than high school,married,Central,Corporate Employee,0.0,0.0,0.0,0.0,1.0,0.0,0.0,0.0,0.0,0.0
1065,0.0,28,Male,others,single,Northern,Student,0.0,0.0,1.0,0.0,0.0,0.0,0.0,0.0,0.0,0.0
1066,0.0,33,Female,bachelor's degree,single,Central,Professional,0.6402262258197648,0.0,0.1798868870901175,0.1798868870901175,0.0,0.0,0.0,0.0,0.0,0.0
1067,0.0,34,Female,vocational certificate,single,Northeastern,Entrepreneur,0.0,0.0381189882436765,0.0,0.0,0.9618810117563236,0.0,0.0,0.0,0.0,0.0
1068,0.0,22,Male,others,single,Central,Student,0.4166508147866337,0.0,0.2916745926066831,0.2916745926066831,0.0,0.0,0.0,0.0,0.0,0.0
1070,0.0,37,Female,bachelor's degree,single,Northern,Student,0.0,0.0,1.0,0.0,0.0,0.0,0.0,0.0,0.0,0.0
1071,0.0,46,Female,less than high school,married,Central,Freelancer,0.0,1.0,0.0,0.0,0.0,0.0,0.0,0.0,0.0,0.0
1081,0.0,47,Female,bachelor's degree,single,Central,Corporate Employee,1.0,0.0,0.0,0.0,0.0,0.0,0.0,0.0,0.0,0.0
1082,0.0,30,Female,others,single,Northeastern,Corporate Employee,0.0,0.0,0.8043875685557587,0.1956124314442413,0.0,0.0,0.0,0.0,0.0,0.0
1083,0.0,42,Female,bachelor's degree,single,Central,Corporate Employee,0.9915415963851714,0.0,0.0,0.0,0.0,0.0,0.0008125977271887,0.0,0.0076458058876398,0.0
1084,0.0,32,Female,high school,single,Central,Corporate Employee,0.8729010083102416,0.0,0.0635605460093453,0.0222557218701229,0.0298354440586287,0.0,0.0114472797516613,0.0,0.0,0.0
1085,0.0,39,Male,high school,single,Central,Corporate Employee,0.0,0.0,0.0,0.0,1.0,0.0,0.0,0.0,0.0,0.0
1086,0.0,29,Female,others,single,Eastern,Corporate Employee,0.0,0.0,1.0,0.0,0.0,0.0,0.0,0.0,0.0,0.0
1087,0.0,63,Female,bachelor's degree,single,Central,Corporate Employee,0.7637956168337956,0.0007129533441047,0.0,0.0,0.1205265366993705,0.0,0.0,0.0,0.0,0.114964893122729
1089,0.0,48,Male,bachelor's degree,married,Central,Corporate Employee,0.0,0.3875382788575714,0.3062308605712143,0.3062308605712143,0.0,0.0,0.0,0.0,0.0,0.0
1090,0.0,30,Male,high school,single,Southern,Corporate Employee,0.014311538021504,0.0,0.0062406921011569,0.0,0.9736932428123182,0.0,0.0,0.0,0.0057545270650208,0.0
1100,0.0,32,Female,bachelor's degree,single,Central,Homemaker,1.0,0.0,0.0,0.0,0.0,0.0,0.0,0.0,0.0,0.0
1101,0.0,47,Female,others,married,Northeastern,Entrepreneur,0.5736205784173469,0.2805127773570086,0.0,0.0056663581026115,0.1402002861230329,0.0,0.0,0.0,0.0,0.0
1102,0.0,29,Female,Unknown,single,Central,Corporate Employee,0.0,0.4589122423588739,0.1419184536565289,0.0,0.0,0.0126149736583581,0.0,0.0,0.386554330326239,0.0
1103,0.0,29,Female,Unknown,single,Central,Corporate Employee,0.0,0.0,1.0,0.0,0.0,0.0,0.0,0.0,0.0,0.0
1106,0.0,36,Female,bachelor's degree,single,Northern,Professional,0.9849133362817344,0.0,0.0150866637182657,0.0,0.0,0.0,0.0,0.0,0.0,0.0
1108,0.0,21,Male,less than high school,single,Southern,Unemployed,0.0,0.0,0.4615384615384615,0.4615384615384615,0.0,0.0769230769230769,0.0,0.0,0.0,0.0
1119,0.0,30,Male,Unknown,Unknown,Central,Unemployed,0.0,0.0,0.0,1.0,0.0,0.0,0.0,0.0,0.0,0.0
1126,0.0,31,Male,high school,single,Northeastern,Corporate Employee,0.0,1.0,0.0,0.0,0.0,0.0,0.0,0.0,0.0,0.0
1128,0.0,25,Male,others,single,Southern,Entrepreneur,0.5912166730674572,0.0481754141131118,0.360607912819431,0.0,0.0,0.0,0.0,0.0,0.0,0.0
1130,0.0,56,Female,bachelor's degree,married,Central,Homemaker,0.0,0.0,0.0,0.0,0.0,0.0,1.0,0.0,0.0,0.0
1132,0.0,19,Female,Unknown,single,Northeastern,Student,0.0,0.0,1.0,0.0,0.0,0.0,0.0,0.0,0.0,0.0
1133,0.0,36,Male,others,single,Central,Corporate Employee,0.0,0.0,0.5,0.5,0.0,0.0,0.0,0.0,0.0,0.0
1134,0.0,33,Male,less than high school,single,Central,Corporate Employee,0.0,0.4721593380919388,0.0,0.5035206161481076,0.0,0.0,0.0,0.0243200457599535,0.0,0.0
1135,0.0,30,Male,others,married,Central,Corporate Employee,0.0,0.0,1.0,0.0,0.0,0.0,0.0,0.0,0.0,0.0
1136,0.0,47,Male,master's degree,single,Southern,Entrepreneur,0.0120710284251374,0.0,0.0,0.0,0.9879289715748626,0.0,0.0,0.0,0.0,0.0
1137,0.0,21,Female,Unknown,Unknown,Central,Corporate Employee,0.0,0.0417805544709098,0.0154236626317844,0.6987504880905896,0.0,0.0,0.2440452948067161,0.0,0.0,0.0
1138,0.0,23,Male,high school,single,Central,Student,0.0,0.0,0.0,0.0,1.0,0.0,0.0,0.0,0.0,0.0
1139,0.0,25,Male,vocational certificate,married,Eastern,Corporate Employee,0.0,0.4759615384615384,0.0,0.5240384615384616,0.0,0.0,0.0,0.0,0.0,0.0
1142,0.0,49,Male,less than high school,married,Central,Entrepreneur,0.0,1.0,0.0,0.0,0.0,0.0,0.0,0.0,0.0,0.0
1143,0.0,32,Female,Unknown,single,Northern,Entrepreneur,0.0,0.0,1.0,0.0,0.0,0.0,0.0,0.0,0.0,0.0
1145,0.0,26,Female,high school,single,Central,Corporate Employee,0.935073409461664,0.0,0.064926590538336,0.0,0.0,0.0,0.0,0.0,0.0,0.0
1146,0.0,43,Female,less than high school,single,Southern,Corporate Employee,0.0321530344451399,0.195498333818733,0.0,0.7723486317361271,0.0,0.0,0.0,0.0,0.0,0.0
1147,1.0,33,Female,less than high school,married,Western,Homemaker,0.0,0.0,0.0,1.0,0.0,0.0,0.0,0.0,0.0,0.0
1148,0.0,24,Female,high school,single,Central,Professional,0.5851670609750054,0.0,0.2022958556659529,0.0,0.0,0.2125370833590417,0.0,0.0,0.0,0.0
1149,0.0,38,Female,high school,single,Northeastern,Corporate Employee,0.0,0.0,1.0,0.0,0.0,0.0,0.0,0.0,0.0,0.0
1151,0.0,23,Female,high school,single,Southern,Student,0.5895517912323193,0.0,0.1895040166299021,0.1683745329402071,0.0525696591975714,0.0,0.0,0.0,0.0,0.0
1154,0.0,62,Male,bachelor's degree,single,Central,Freelancer,0.0,1.0,0.0,0.0,0.0,0.0,0.0,0.0,0.0,0.0
1155,0.0,42,Female,bachelor's degree,married,Western,Corporate Employee,0.0,0.0,1.0,0.0,0.0,0.0,0.0,0.0,0.0,0.0
1158,0.0,45,Male,bachelor's degree,single,Central,Freelancer,0.0,0.0,0.0,0.0,0.0,0.0,0.0,1.0,0.0,0.0
1168,0.0,25,Female,others,single,Central,Student,0.0,0.0,0.9924243380765394,0.0,0.0,0.0,0.0,0.0075756619234605,0.0,0.0
1169,0.0,49,Female,high school,single,Eastern,Corporate Employee,0.0,1.0,0.0,0.0,0.0,0.0,0.0,0.0,0.0,0.0
1170,0.0,36,Female,high school,single,Central,Entrepreneur,0.0,0.0,0.5578615307986053,0.4332835242680835,0.0,0.0,0.0088549449333111,0.0,0.0,0.0
1173,0.0,31,Female,bachelor's degree,single,Central,Corporate Employee,0.809724354014182,0.0,0.1902756459858181,0.0,0.0,0.0,0.0,0.0,0.0,0.0
1175,1.0,56,Female,less than high school,married,Northeastern,Freelancer,0.0,0.0,0.0,1.0,0.0,0.0,0.0,0.0,0.0,0.0
1183,0.0,28,Female,others,single,Central,Student,0.0,0.0150236649484592,0.5202443721333626,0.2847469650489675,0.089572738878192,0.0075681645858895,0.0828440944051289,0.0,0.0,0.0
1186,0.0,34,Female,high school,single,Northeastern,Entrepreneur,0.0,0.0,0.5616438356164384,0.0,0.0,0.2922374429223744,0.1461187214611872,0.0,0.0,0.0
1188,0.0,39,Male,master's degree,single,Northern,Entrepreneur,1.0,0.0,0.0,0.0,0.0,0.0,0.0,0.0,0.0,0.0
1191,0.0,52,Female,bachelor's degree,others,Central,Entrepreneur,0.0,0.5171728931959045,0.2414135534020477,0.2414135534020477,0.0,0.0,0.0,0.0,0.0,0.0
1194,0.0,27,Female,bachelor's degree,single,Central,Professional,0.204677883315167,0.0,0.3976610583424165,0.3976610583424165,0.0,0.0,0.0,0.0,0.0,0.0
1196,0.0,50,Female,bachelor's degree,married,Northeastern,Entrepreneur,0.0,1.0,0.0,0.0,0.0,0.0,0.0,0.0,0.0,0.0
1202,0.0,57,Male,high school,married,Central,Unemployed,0.0,0.0,0.0,1.0,0.0,0.0,0.0,0.0,0.0,0.0
1206,0.0,60,Female,bachelor's degree,married,Central,Corporate Employee,0.0,1.0,0.0,0.0,0.0,0.0,0.0,0.0,0.0,0.0
1209,0.0,53,Female,Unknown,single,Central,Entrepreneur,0.0068262313565449,0.0348052011716117,0.0,0.9583685674718432,0.0,0.0,0.0,0.0,0.0,0.0
1210,0.0,26,Male,high school,single,Central,Entrepreneur,0.0,1.0,0.0,0.0,0.0,0.0,0.0,0.0,0.0,0.0
1218,0.0,38,Female,bachelor's degree,single,Northern,Corporate Employee,0.2433302536169083,0.0806353158568218,0.3724236262982662,0.3036108042280035,0.0,0.0,0.0,0.0,0.0,0.0
1219,0.0,46,Male,bachelor's degree,married,Central,Corporate Employee,0.0,0.0,0.5,0.5,0.0,0.0,0.0,0.0,0.0,0.0
1220,0.0,26,Female,others,single,Central,Student,0.0,0.0,0.9501046717212804,0.0498953282787196,0.0,0.0,0.0,0.0,0.0,0.0
1224,0.0,33,Male,vocational certificate,married,Northeastern,Entrepreneur,0.0,0.0422763973700238,0.4865924317908513,0.2363490600906852,0.2030266589620652,0.0,0.0317554517863743,0.0,0.0,0.0
1227,0.0,35,Female,bachelor's degree,single,Northern,Student,0.0,0.0,0.9851598372819804,0.0148401627180194,0.0,0.0,0.0,0.0,0.0,0.0
1230,1.0,67,Male,high school,married,Central,Unemployed,0.0,0.1864083138149173,0.0,0.0,0.0,0.8135916861850827,0.0,0.0,0.0,0.0
1239,1.0,31,Female,high school,married,Central,Corporate Employee,0.0,0.0,0.0,0.0,0.0,1.0,0.0,0.0,0.0,0.0
1244,0.0,20,Female,Unknown,single,Southern,Student,0.0,0.0,0.7980535279805353,0.2019464720194647,0.0,0.0,0.0,0.0,0.0,0.0
1245,0.0,28,Female,Unknown,single,Southern,Unemployed,0.0,0.1629968651186776,0.5859412107970198,0.0,0.2510619240843025,0.0,0.0,0.0,0.0,0.0
1246,0.0,38,Female,bachelor's degree,single,Central,Freelancer,0.0,0.0,0.8094594594594594,0.1905405405405405,0.0,0.0,0.0,0.0,0.0,0.0
1252,0.0,43,Male,high school,widow,Western,Corporate Employee,1.0,0.0,0.0,0.0,0.0,0.0,0.0,0.0,0.0,0.0
1255,0.0,35,Male,vocational certificate,single,Central,Corporate Employee,0.0,1.0,0.0,0.0,0.0,0.0,0.0,0.0,0.0,0.0
1257,0.0,27,Male,others,single,Western,Corporate Employee,0.0,0.0,1.0,0.0,0.0,0.0,0.0,0.0,0.0,0.0
1258,0.0,28,Female,bachelor's degree,single,Eastern,Student,0.9596778476750116,0.0,0.0403221523249883,0.0,0.0,0.0,0.0,0.0,0.0,0.0
1260,0.0,45,Female,master's degree,married,Northeastern,Freelancer,0.235655871733322,0.0043799680089699,0.0437811039352526,0.7104878520848674,0.0,0.0,0.0044938720937217,0.0,0.0012013321438661,0.0
1266,0.0,26,Male,high school,single,Southern,Corporate Employee,0.0,0.6518251041518769,0.2848587410190191,0.0,0.0,0.0,0.0,0.0,0.0633161548291039,0.0
1270,0.0,26,Female,high school,single,Central,Corporate Employee,0.994625711262182,0.0,0.0,0.0,0.0,0.0,0.0053742887378178,0.0,0.0,0.0
1272,0.0,28,Male,less than high school,single,Southern,Student,0.0,0.0,0.0,0.690846286701209,0.0,0.0,0.0,0.0,0.309153713298791,0.0
1274,0.0,40,Female,high school,single,Central,Corporate Employee,0.931787869686632,0.0612202979493728,0.0069918323639952,0.0,0.0,0.0,0.0,0.0,0.0,0.0
1276,0.0,35,Male,master's degree,married,Central,Corporate Employee,0.0200096432015429,0.0,0.0,0.0156702025072324,0.9643201542912246,0.0,0.0,0.0,0.0,0.0
1277,0.0,30,Female,bachelor's degree,single,Northern,Entrepreneur,1.0,0.0,0.0,0.0,0.0,0.0,0.0,0.0,0.0,0.0
1281,1.0,50,Female,bachelor's degree,married,Northeastern,Entrepreneur,0.0,0.5796386526647096,0.4203613473352903,0.0,0.0,0.0,0.0,0.0,0.0,0.0
1283,0.0,28,Male,bachelor's degree,single,Northern,Student,0.0,0.6477308159244246,0.0362662562387911,0.0325806610925725,0.0,0.0,0.2834222667442116,0.0,0.0,0.0
1287,0.0,41,Male,bachelor's degree,married,Northeastern,Corporate Employee,0.993637424820418,0.0063625751795819,0.0,0.0,0.0,0.0,0.0,0.0,0.0,0.0
1297,1.0,52,Female,bachelor's degree,widow,Southern,Entrepreneur,1.0,0.0,0.0,0.0,0.0,0.0,0.0,0.0,0.0,0.0
1300,0.0,54,Male,bachelor's degree,married,Central,Entrepreneur,0.7594086940144926,0.1336346667031183,0.0310157698809399,0.0,0.0,0.0,0.0,0.0,0.0,0.0759408694014492
1301,0.0,31,Female,bachelor's degree,single,Eastern,Entrepreneur,0.0,1.0,0.0,0.0,0.0,0.0,0.0,0.0,0.0,0.0
1302,1.0,51,Male,master's degree,married,Northeastern,Corporate Employee,0.0117184327533133,0.0,0.0,0.0,0.9878204492882648,0.0,0.0,0.0,0.0004611179584217,0.0
1304,0.0,32,Female,bachelor's degree,single,Central,Corporate Employee,0.8414465151529565,0.0,0.1585534848470434,0.0,0.0,0.0,0.0,0.0,0.0,0.0
1311,0.0,30,Male,others,others,Eastern,Corporate Employee,0.0,0.0,1.0,0.0,0.0,0.0,0.0,0.0,0.0,0.0
1313,0.0,30,Male,others,others,Central,Corporate Employee,1.0,0.0,0.0,0.0,0.0,0.0,0.0,0.0,0.0,0.0
1319,0.0,27,Female,bachelor's degree,married,Central,Corporate Employee,0.0,0.0,0.5,0.5,0.0,0.0,0.0,0.0,0.0,0.0
1326,0.0,21,Male,Unknown,single,Central,Corporate Employee,0.0,0.0,1.0,0.0,0.0,0.0,0.0,0.0,0.0,0.0
1328,0.0,31,Male,others,single,Central,Corporate Employee,1.0,0.0,0.0,0.0,0.0,0.0,0.0,0.0,0.0,0.0
1336,1.0,56,Female,bachelor's degree,married,Central,Entrepreneur,1.0,0.0,0.0,0.0,0.0,0.0,0.0,0.0,0.0,0.0
1340,0.0,32,Female,others,single,Eastern,Corporate Employee,0.0,0.0620581382558523,0.4723958281251562,0.4655460336189914,0.0,0.0,0.0,0.0,0.0,0.0
1343,0.0,37,Male,vocational certificate,single,Eastern,Corporate Employee,0.0,0.0,0.0,0.0,0.0,1.0,0.0,0.0,0.0,0.0
1345,0.0,59,Female,master's degree,single,Central,Corporate Employee,0.0,0.0,0.0,1.0,0.0,0.0,0.0,0.0,0.0,0.0
1349,0.0,48,Female,bachelor's degree,single,Central,Corporate Employee,0.9678678490579125,0.0,0.0321321509420875,0.0,0.0,0.0,0.0,0.0,0.0,0.0
1354,0.0,44,Male,less than high school,widow,Central,Freelancer,1.0,0.0,0.0,0.0,0.0,0.0,0.0,0.0,0.0,0.0
1355,0.0,27,Male,others,single,Central,Corporate Employee,0.0,0.0,0.0,0.0,0.0,1.0,0.0,0.0,0.0,0.0
1356,0.0,26,Female,Unknown,single,Southern,Corporate Employee,0.0,0.4944055979412196,0.5055944020587805,0.0,0.0,0.0,0.0,0.0,0.0,0.0
1357,0.0,57,Female,master's degree,single,Central,Corporate Employee,0.8973155038999885,0.0699972986147872,0.0,0.0,0.0,0.0152743913482356,0.0,0.0,0.0174128061369885,0.0
1359,0.0,29,Male,high school,single,Northeastern,Corporate Employee,0.0,0.0,0.0,1.0,0.0,0.0,0.0,0.0,0.0,0.0
1360,0.0,30,Female,bachelor's degree,married,Northeastern,Professional,0.7643901217864562,0.1633750117047237,0.0722348665088201,0.0,0.0,0.0,0.0,0.0,0.0,0.0
1364,0.0,21,Female,others,single,Northeastern,Corporate Employee,0.0,0.0,0.6287203859570812,0.3712796140429187,0.0,0.0,0.0,0.0,0.0,0.0
1367,0.0,27,Female,high school,divorce,Southern,Freelancer,0.0,0.0,0.0,0.0,0.0,0.0,1.0,0.0,0.0,0.0
1368,0.0,65,Female,less than high school,married,Central,Freelancer,0.0,0.9616579974519812,0.0,0.0,0.0,0.0383420025480188,0.0,0.0,0.0,0.0
1372,0.0,52,Female,less than high school,married,Western,Unemployed,0.0,0.0,0.0,1.0,0.0,0.0,0.0,0.0,0.0,0.0
1376,0.0,22,Female,Unknown,single,Southern,Student,0.0339213025780189,0.0,0.0,0.0,0.0,0.0,0.0,0.966078697421981,0.0,0.0
1377,0.0,40,Female,others,married,Northeastern,Corporate Employee,0.0,0.0,0.0,1.0,0.0,0.0,0.0,0.0,0.0,0.0
1378,0.0,48,Male,vocational certificate,married,Eastern,Corporate Employee,0.0,0.0,0.0,1.0,0.0,0.0,0.0,0.0,0.0,0.0
1381,0.0,52,Female,less than high school,married,Central,Corporate Employee,0.0,0.0,0.0,1.0,0.0,0.0,0.0,0.0,0.0,0.0
1383,0.0,36,Male,bachelor's degree,married,Central,Professional,0.2947815685916828,0.0026222843536995,0.0089924562506582,0.0,0.6936036908039596,0.0,0.0,0.0,0.0,0.0
1388,0.0,25,Male,vocational certificate,single,Central,Corporate Employee,0.0,0.0,1.0,0.0,0.0,0.0,0.0,0.0,0.0,0.0
1391,0.0,49,Male,others,married,Central,Corporate Employee,0.0,1.0,0.0,0.0,0.0,0.0,0.0,0.0,0.0,0.0
1397,1.0,51,Female,bachelor's degree,married,Central,Other,0.688954781319496,0.0,0.1607116382505559,0.1503335804299481,0.0,0.0,0.0,0.0,0.0,0.0
1400,0.0,35,Female,high school,single,Central,Freelancer,0.0,0.0,0.0,1.0,0.0,0.0,0.0,0.0,0.0,0.0
1401,0.0,32,Female,bachelor's degree,married,Central,Corporate Employee,0.4403153044083915,0.0613937384644343,0.3500065902478649,0.0970783515200312,0.0461527901593492,0.0,0.0,0.0050532251999287,0.0,0.0
1402,0.0,52,Male,bachelor's degree,married,Central,Corporate Employee,0.946769219904692,0.0,0.0532307800953079,0.0,0.0,0.0,0.0,0.0,0.0,0.0
1403,0.0,42,Male,less than high school,married,Northeastern,Entrepreneur,0.0569718167754086,0.0,0.0282504876572274,0.4708414609537902,0.0,0.0,0.4439362346135737,0.0,0.0,0.0
1404,0.0,30,Female,bachelor's degree,single,Central,Student,0.0,0.0,1.0,0.0,0.0,0.0,0.0,0.0,0.0,0.0
1405,0.0,29,Female,high school,single,Northeastern,Entrepreneur,0.0,1.0,0.0,0.0,0.0,0.0,0.0,0.0,0.0,0.0
1417,0.0,25,Male,less than high school,single,Central,Corporate Employee,0.0,0.5766969832697838,0.3249036312622274,0.0983993854679888,0.0,0.0,0.0,0.0,0.0,0.0
1422,0.0,53,Male,less than high school,married,Central,Entrepreneur,0.0,0.0,0.0,1.0,0.0,0.0,0.0,0.0,0.0,0.0
1423,0.0,45,Female,vocational certificate,single,Central,Corporate Employee,0.0,1.0,0.0,0.0,0.0,0.0,0.0,0.0,0.0,0.0
1424,0.0,23,Female,high school,single,Central,Student,0.0,0.0,0.7836667501699889,0.2163332498300111,0.0,0.0,0.0,0.0,0.0,0.0
1429,2.0,60,Male,high school,married,Central,Professional,0.0,0.0,0.0,0.0,0.0,0.0,0.0,0.0,0.0,1.0
1431,0.0,25,Male,Unknown,others,Central,Corporate Employee,1.0,0.0,0.0,0.0,0.0,0.0,0.0,0.0,0.0,0.0
1436,0.0,58,Female,less than high school,married,Central,Corporate Employee,0.0868650736523103,0.0,0.0347240691894951,0.8784108571581944,0.0,0.0,0.0,0.0,0.0,0.0
1443,0.0,31,Female,bachelor's degree,single,Central,Unemployed,0.0,0.0,0.28001852475581,0.71998147524419,0.0,0.0,0.0,0.0,0.0,0.0
1445,0.0,34,Male,bachelor's degree,single,Central,Corporate Employee,0.0,0.0,0.5,0.5,0.0,0.0,0.0,0.0,0.0,0.0
1446,0.0,43,Female,bachelor's degree,single,Central,Corporate Employee,0.4036651742488003,0.0441878810744353,0.358014336709522,0.1941326079672424,0.0,0.0,0.0,0.0,0.0,0.0
1447,0.0,65,Female,bachelor's degree,married,Central,Entrepreneur,0.0,1.0,0.0,0.0,0.0,0.0,0.0,0.0,0.0,0.0
1450,1.0,76,Male,vocational certificate,married,Central,Freelancer,0.0,0.0800875170923302,0.6132749886051132,0.3066374943025566,0.0,0.0,0.0,0.0,0.0,0.0
1451,0.0,63,Female,vocational certificate,married,Central,Corporate Employee,0.0,0.9044585987261148,0.0,0.0,0.0,0.0955414012738853,0.0,0.0,0.0,0.0
1452,0.0,30,Female,high school,married,Central,Entrepreneur,0.0,0.0,0.0,0.0,1.0,0.0,0.0,0.0,0.0,0.0
1455,0.0,47,Female,vocational certificate,divorce,Central,Entrepreneur,0.7876698941709472,0.1640163651816047,0.0,0.048313740647448,0.0,0.0,0.0,0.0,0.0,0.0
1461,0.0,34,Female,high school,single,Northeastern,Corporate Employee,0.4213483146067415,0.0,0.0,0.0,0.0,0.5786516853932584,0.0,0.0,0.0,0.0
1464,0.0,43,Female,others,married,Northeastern,Entrepreneur,0.2662192762988705,0.0966115078074127,0.1318850294784604,0.0,0.0,0.0,0.0,0.1974282153032424,0.0,0.3078559711120139
1470,0.0,40,Female,others,married,Central,Corporate Employee,0.1894697383306317,0.0155636272902883,0.3918047633858184,0.0511853955559727,0.1582801044823585,0.0,0.0391765120486721,0.0,0.0,0.1545198589062582
1473,0.0,25,Female,high school,single,Southern,Student,0.4225821640600456,0.0123283536002249,0.2714453823210641,0.2714453823210641,0.0,0.0,0.0221987176976012,0.0,0.0,0.0
1484,0.0,62,Male,high school,married,Central,Corporate Employee,0.7650851845844516,0.1997782783135074,0.0,0.0095061834184618,0.0,0.0,0.0256303536835791,0.0,0.0,0.0
1487,0.0,38,Male,bachelor's degree,single,Central,Corporate Employee,0.9067360030159756,0.0311377146599351,0.0305479281684748,0.0,0.0,0.0242910416581648,0.0072873124974494,0.0,0.0,0.0
1491,0.0,31,Female,bachelor's degree,single,Northern,Corporate Employee,0.647752124652554,0.0,0.1761239376737229,0.1761239376737229,0.0,0.0,0.0,0.0,0.0,0.0
1496,0.0,41,Male,high school,married,Central,Corporate Employee,0.9755766621438264,0.0,0.0,0.0,0.0,0.0,0.0244233378561736,0.0,0.0,0.0
1497,0.0,38,Male,bachelor's degree,single,Central,Corporate Employee,0.6076508303295408,0.0,0.2141901660152705,0.1781590036551885,0.0,0.0,0.0,0.0,0.0,0.0
1500,0.0,47,Female,bachelor's degree,single,Central,Corporate Employee,0.0,0.0,0.0,1.0,0.0,0.0,0.0,0.0,0.0,0.0
1509,0.0,31,Male,high school,married,Northern,Corporate Employee,1.0,0.0,0.0,0.0,0.0,0.0,0.0,0.0,0.0,0.0
1510,1.0,68,Female,high school,married,Central,Other,0.0,0.0,0.0,1.0,0.0,0.0,0.0,0.0,0.0,0.0
1512,2.0,48,Female,less than high school,married,Central,Freelancer,0.0,1.0,0.0,0.0,0.0,0.0,0.0,0.0,0.0,0.0
1513,0.0,34,Female,others,married,Eastern,Entrepreneur,0.0,1.0,0.0,0.0,0.0,0.0,0.0,0.0,0.0,0.0
1518,0.0,41,Female,bachelor's degree,single,Central,Corporate Employee,0.1660644469530879,0.114098479268096,0.0767187234394954,0.0281132725156802,0.4607089775050233,0.1542961003186171,0.0,0.0,0.0,0.0
1521,0.0,28,Female,high school,single,Northeastern,Entrepreneur,0.0,1.0,0.0,0.0,0.0,0.0,0.0,0.0,0.0,0.0
1522,0.0,27,Female,vocational certificate,single,Central,Corporate Employee,0.0,0.193382730901196,0.4253734057097141,0.3812438633890899,0.0,0.0,0.0,0.0,0.0,0.0
1526,0.0,38,Male,bachelor's degree,married,Northeastern,Entrepreneur,1.0,0.0,0.0,0.0,0.0,0.0,0.0,0.0,0.0,0.0
1528,0.0,40,Male,vocational certificate,single,Central,Unemployed,0.0,1.0,0.0,0.0,0.0,0.0,0.0,0.0,0.0,0.0
1529,0.0,32,Female,high school,single,Western,Unemployed,0.0,1.0,0.0,0.0,0.0,0.0,0.0,0.0,0.0,0.0
1532,0.0,27,Male,others,others,Central,Student,0.0,0.0,0.0,0.0,0.0,0.0,0.0,0.0,1.0,0.0
1536,0.0,44,Male,high school,single,Central,Corporate Employee,0.0,0.0,0.0,1.0,0.0,0.0,0.0,0.0,0.0,0.0
1541,0.0,46,Female,bachelor's degree,married,Northern,Entrepreneur,1.0,0.0,0.0,0.0,0.0,0.0,0.0,0.0,0.0,0.0
1544,0.0,22,Female,others,single,Northeastern,Student,0.0,0.0,0.3625254582484725,0.2606924643584521,0.3767820773930753,0.0,0.0,0.0,0.0,0.0
1548,0.0,35,Female,bachelor's degree,single,Central,Entrepreneur,0.5297348585544209,0.4702651414455792,0.0,0.0,0.0,0.0,0.0,0.0,0.0,0.0
1556,1.0,39,Male,less than high school,married,Central,Corporate Employee,0.0,0.0,0.0,1.0,0.0,0.0,0.0,0.0,0.0,0.0
1561,0.0,29,Male,others,others,Southern,Student,0.0,1.0,0.0,0.0,0.0,0.0,0.0,0.0,0.0,0.0
1566,0.0,33,Female,high school,married,Central,Entrepreneur,0.0,0.0,1.0,0.0,0.0,0.0,0.0,0.0,0.0,0.0
1569,0.0,41,Male,bachelor's degree,single,Northern,Corporate Employee,0.9760215196283344,0.0073822203643473,0.0,0.0,0.0,0.0,0.0,0.0,0.0165962600073182,0.0
1570,0.0,32,Female,bachelor's degree,single,Central,Student,0.3910469086112512,0.0663755056906377,0.1813117958213741,0.0,0.0,0.0,0.3398125219737586,0.0,0.0214532679029783,0.0
1571,0.0,55,Male,others,others,Eastern,Corporate Employee,0.6920879661614704,0.2681100194009398,0.0036562430731332,0.0072005137021517,0.0,0.0289452576623048,0.0,0.0,0.0,0.0
1573,0.0,44,Male,bachelor's degree,married,Central,Entrepreneur,1.0,0.0,0.0,0.0,0.0,0.0,0.0,0.0,0.0,0.0
1574,0.0,54,Female,vocational certificate,separate,Central,Other,0.0,1.0,0.0,0.0,0.0,0.0,0.0,0.0,0.0,0.0
1576,0.0,22,Female,Unknown,single,Central,Student,1.0,0.0,0.0,0.0,0.0,0.0,0.0,0.0,0.0,0.0
1580,0.0,30,Female,high school,single,Northeastern,Student,0.0,0.398673295915665,0.4279069171429304,0.1734197869414046,0.0,0.0,0.0,0.0,0.0,0.0
1583,0.0,41,Male,bachelor's degree,married,Central,Corporate Employee,0.9953369423918884,0.0,0.0012688592130915,0.0026011613868377,0.0,0.0,0.0007930370081822,0.0,0.0,0.0
1584,0.0,35,Female,high school,single,Central,Corporate Employee,0.2707286865326636,0.0,0.6545629525681502,0.0725742303592119,0.0,0.0,0.0021341305399742,0.0,0.0,0.0
1585,0.0,35,Female,bachelor's degree,married,Northeastern,Corporate Employee,0.0,0.0,0.5,0.5,0.0,0.0,0.0,0.0,0.0,0.0
1586,0.0,29,Female,bachelor's degree,married,Central,Corporate Employee,0.1148631367437985,0.0,0.806703718962066,0.0429021473280537,0.0,0.0,0.0,0.0,0.0355309969660816,0.0
1589,0.0,45,Female,high school,married,Eastern,Corporate Employee,0.0,1.0,0.0,0.0,0.0,0.0,0.0,0.0,0.0,0.0
1595,0.0,32,Male,bachelor's degree,single,Western,Corporate Employee,0.0,1.0,0.0,0.0,0.0,0.0,0.0,0.0,0.0,0.0
1596,0.0,40,Male,bachelor's degree,single,Central,Entrepreneur,0.0,0.0,1.0,0.0,0.0,0.0,0.0,0.0,0.0,0.0
1597,0.0,42,Female,high school,married,Central,Corporate Employee,0.0,0.0,0.0,0.0,0.0,0.0,1.0,0.0,0.0,0.0
1603,0.0,52,Female,less than high school,married,Central,Entrepreneur,0.0,0.7631633620884333,0.2368366379115667,0.0,0.0,0.0,0.0,0.0,0.0,0.0
1604,1.0,43,Female,master's degree,single,Central,Freelancer,0.0,0.0,0.3177652228499686,0.3177652228499686,0.0,0.0,0.0,0.0,0.3644695543000628,0.0
1605,0.0,55,Female,bachelor's degree,married,Central,Corporate Employee,0.8009943009255489,0.0101138880396865,0.0569947494823574,0.0,0.0,0.0,0.131897061552407,0.0,0.0,0.0
1606,0.0,32,Male,Unknown,Unknown,Central,Unemployed,0.0,0.0279503359101409,0.449613478853579,0.0,0.52243618523628,0.0,0.0,0.0,0.0,0.0
1608,0.0,64,Female,master's degree,married,Northern,Corporate Employee,0.0796292576337174,0.0,0.0,0.0,0.9203707423662826,0.0,0.0,0.0,0.0,0.0
1609,1.0,44,Female,high school,married,Eastern,Corporate Employee,0.0,0.0,0.0,1.0,0.0,0.0,0.0,0.0,0.0,0.0
1610,0.0,60,Female,Unknown,married,Central,Homemaker,0.0,1.0,0.0,0.0,0.0,0.0,0.0,0.0,0.0,0.0
1611,0.0,36,Female,high school,single,Central,Entrepreneur,0.9326069324287456,0.0,0.0336965337856272,0.0336965337856272,0.0,0.0,0.0,0.0,0.0,0.0
1616,0.0,41,Female,others,single,Central,Entrepreneur,0.0,1.0,0.0,0.0,0.0,0.0,0.0,0.0,0.0,0.0
1619,1.0,43,Female,high school,married,Southern,Entrepreneur,0.0,1.0,0.0,0.0,0.0,0.0,0.0,0.0,0.0,0.0
1620,0.0,37,Female,less than high school,single,Central,Freelancer,0.0,0.0,1.0,0.0,0.0,0.0,0.0,0.0,0.0,0.0
1621,0.0,27,Male,Unknown,married,Eastern,Freelancer,0.0,0.0441947559244734,0.0,0.0,0.0,0.637063358064885,0.3185316790324425,0.0,0.0,0.000210206978199
1622,0.0,31,Female,vocational certificate,married,Central,Corporate Employee,0.4562335185641419,0.5437664814358582,0.0,0.0,0.0,0.0,0.0,0.0,0.0,0.0
1625,0.0,25,Male,vocational certificate,single,Eastern,Unemployed,0.0,0.313117693326103,0.4611784477241528,0.2257038589497442,0.0,0.0,0.0,0.0,0.0,0.0
1630,0.0,47,Male,others,single,Central,Entrepreneur,0.0,1.0,0.0,0.0,0.0,0.0,0.0,0.0,0.0,0.0
1632,0.0,38,Female,master's degree,married,Eastern,Corporate Employee,0.9967365121854508,0.0,0.0,0.0,0.0,0.0,0.0032634878145492,0.0,0.0,0.0
1635,0.0,75,Male,master's degree,married,Central,Freelancer,0.0,0.0,0.0,0.36573675658061,0.0,0.63426324341939,0.0,0.0,0.0,0.0
1639,0.0,41,Female,bachelor's degree,single,Central,Corporate Employee,0.9183837466485372,0.0816162533514629,0.0,0.0,0.0,0.0,0.0,0.0,0.0,0.0
1645,0.0,28,Male,vocational certificate,single,Central,Student,0.0,0.0,0.5930244714733002,0.3890301407069297,0.0,0.0,0.0,0.0,0.0179453878197701,0.0
1646,0.0,34,Female,less than high school,single,Central,Freelancer,0.0,0.0,1.0,0.0,0.0,0.0,0.0,0.0,0.0,0.0
1647,0.0,36,Male,high school,single,Central,Corporate Employee,0.7690864176262301,0.2309135823737698,0.0,0.0,0.0,0.0,0.0,0.0,0.0,0.0
1650,0.0,39,Female,bachelor's degree,married,Western,Corporate Employee,0.0,0.0,0.0,0.6311992786293958,0.3688007213706041,0.0,0.0,0.0,0.0,0.0
1655,0.0,31,Female,Unknown,married,Central,Professional,0.0,0.0,0.6866135854690222,0.3133864145309779,0.0,0.0,0.0,0.0,0.0,0.0
1656,0.0,36,Female,bachelor's degree,single,Eastern,Corporate Employee,0.3975257036506111,0.222790269052624,0.3039132189342697,0.0757708083624952,0.0,0.0,0.0,0.0,0.0,0.0
1657,0.0,59,Male,master's degree,married,Central,Corporate Employee,1.0,0.0,0.0,0.0,0.0,0.0,0.0,0.0,0.0,0.0
1661,0.0,28,Female,others,single,Central,Professional,0.0,0.0,0.7810338850062953,0.2189661149937047,0.0,0.0,0.0,0.0,0.0,0.0
1664,1.0,52,Female,others,single,Central,Unemployed,0.9898791777812648,0.0,0.0,0.0101208222187352,0.0,0.0,0.0,0.0,0.0,0.0
1670,0.0,39,Female,master's degree,married,Central,Corporate Employee,0.9425310837789316,0.0,0.0287344581105342,0.0287344581105342,0.0,0.0,0.0,0.0,0.0,0.0
1672,0.0,24,Female,others,single,Central,Student,0.0,0.0,0.4071087216248507,0.3772401433691756,0.0,0.0,0.089605734767025,0.03584229390681,0.0902031063321385,0.0
1674,0.0,41,Female,vocational certificate,married,Southern,Corporate Employee,0.0,0.0996159815322223,0.872510967239413,0.0278730512283645,0.0,0.0,0.0,0.0,0.0,0.0
1677,0.0,50,Male,bachelor's degree,married,Eastern,Corporate Employee,0.0,0.1750565741467695,0.4124717129266153,0.4124717129266153,0.0,0.0,0.0,0.0,0.0,0.0
1679,0.0,40,Female,bachelor's degree,single,Eastern,Corporate Employee,1.0,0.0,0.0,0.0,0.0,0.0,0.0,0.0,0.0,0.0
1683,0.0,28,Male,high school,single,Western,Corporate Employee,0.0,0.0,1.0,0.0,0.0,0.0,0.0,0.0,0.0,0.0
1686,0.0,25,Female,Unknown,single,Central,Corporate Employee,0.0,1.0,0.0,0.0,0.0,0.0,0.0,0.0,0.0,0.0
1687,0.0,43,Female,high school,single,Central,Corporate Employee,0.0,0.0912842398753028,0.0,0.9087157601246972,0.0,0.0,0.0,0.0,0.0,0.0
1689,0.0,44,Male,bachelor's degree,married,Southern,Corporate Employee,0.0,1.0,0.0,0.0,0.0,0.0,0.0,0.0,0.0,0.0
1690,0.0,38,Female,high school,married,Central,Unemployed,0.0,0.0,1.0,0.0,0.0,0.0,0.0,0.0,0.0,0.0
1691,0.0,33,Female,high school,single,Central,Freelancer,0.0,0.0,0.0,1.0,0.0,0.0,0.0,0.0,0.0,0.0
1693,1.0,62,Male,less than high school,married,Central,Corporate Employee,0.0,0.3856883452431499,0.307155827378425,0.307155827378425,0.0,0.0,0.0,0.0,0.0,0.0
1694,0.0,29,Male,high school,single,Western,Corporate Employee,0.0,0.0,0.6666666666666666,0.3333333333333333,0.0,0.0,0.0,0.0,0.0,0.0
1699,0.0,25,Male,high school,single,Central,Corporate Employee,0.0,1.0,0.0,0.0,0.0,0.0,0.0,0.0,0.0,0.0
1700,0.0,43,Female,bachelor's degree,married,Central,Homemaker,0.0,0.0660830685865677,0.3591724797159665,0.5747444516974655,0.0,0.0,0.0,0.0,0.0,0.0
1703,0.0,29,Male,others,single,Central,Corporate Employee,0.0,1.0,0.0,0.0,0.0,0.0,0.0,0.0,0.0,0.0
1705,0.0,28,Female,vocational certificate,single,Northeastern,Corporate Employee,0.3253422057767762,0.0,0.071907134320783,0.0,0.0,0.5307415850238476,0.0720090748785931,0.0,0.0,0.0
1706,0.0,28,Male,Unknown,single,Central,Corporate Employee,0.9701655360710724,0.0,0.0298344639289276,0.0,0.0,0.0,0.0,0.0,0.0,0.0
1707,0.0,34,Male,others,single,Eastern,Corporate Employee,0.0,0.0,0.4019434628975265,0.3330388692579505,0.0,0.0,0.2650176678445229,0.0,0.0,0.0
1708,1.0,60,Male,bachelor's degree,single,Eastern,Entrepreneur,0.0,0.6787260072582221,0.0,0.0,0.0,0.0,0.0,0.3212739927417779,0.0,0.0
1710,0.0,29,Male,bachelor's degree,single,Southern,Student,0.0,0.0,0.0,0.0,0.0,0.0,0.0,0.0,1.0,0.0
1711,0.0,60,Female,others,single,Central,Corporate Employee,0.7325763377842895,0.2593367805648449,0.0,0.0,0.0,0.0,0.0,0.0,0.0,0.0080868816508655
1712,0.0,32,Female,others,married,Northeastern,Entrepreneur,0.6334034328281412,0.1063824843106043,0.2412092079863629,0.0,0.0,0.0,0.0,0.0,0.0190048748748914,0.0
1717,0.0,25,Female,others,single,Central,Corporate Employee,0.0,0.7982062780269058,0.0,0.0,0.0,0.2017937219730941,0.0,0.0,0.0,0.0
1721,0.0,40,Male,others,single,Central,Corporate Employee,0.0,0.0,0.0,0.183094293561184,0.0,0.0,0.0,0.0,0.0,0.816905706438816
1724,0.0,23,Female,Unknown,single,Eastern,Corporate Employee,0.5129666571672842,0.0,0.4870333428327159,0.0,0.0,0.0,0.0,0.0,0.0,0.0
1727,0.0,31,Female,others,single,Northeastern,Corporate Employee,0.2944595118171251,0.1402621722846442,0.5652783158982306,0.0,0.0,0.0,0.0,0.0,0.0,0.0
1729,1.0,48,Male,bachelor's degree,divorce,Southern,Corporate Employee,0.1150540069254782,0.0,0.0083155472031386,0.0113100113384302,0.8653204345329528,0.0,0.0,0.0,0.0,0.0
1731,0.0,24,Male,Unknown,single,Northern,Student,0.0,0.2631578947368421,0.7368421052631579,0.0,0.0,0.0,0.0,0.0,0.0,0.0
1732,0.0,50,Male,Unknown,single,Northeastern,Unemployed,0.0,0.0,0.3429555519107758,0.6098081023454158,0.0,0.0,0.0,0.0,0.0,0.0472363457438084
1735,0.0,47,Female,others,single,Central,Corporate Employee,0.747987968457849,0.0,0.0,0.252012031542151,0.0,0.0,0.0,0.0,0.0,0.0
1738,1.0,63,Female,vocational certificate,widow,Southern,Homemaker,0.0,1.0,0.0,0.0,0.0,0.0,0.0,0.0,0.0,0.0
1739,0.0,56,Male,master's degree,single,Central,Corporate Employee,1.0,0.0,0.0,0.0,0.0,0.0,0.0,0.0,0.0,0.0
1740,0.0,38,Male,vocational certificate,single,Northeastern,Corporate Employee,1.0,0.0,0.0,0.0,0.0,0.0,0.0,0.0,0.0,0.0
1743,0.0,26,Female,bachelor's degree,single,Northeastern,Student,0.9652340286527604,0.0,0.0,0.0347659713472397,0.0,0.0,0.0,0.0,0.0,0.0
1745,0.0,23,Female,Unknown,single,Central,Student,0.0,0.0,1.0,0.0,0.0,0.0,0.0,0.0,0.0,0.0
1749,0.0,39,Female,bachelor's degree,married,Central,Corporate Employee,0.0,0.0,0.2634271099744245,0.0,0.0,0.0,0.0,0.0,0.7365728900255755,0.0
1753,0.0,29,Male,bachelor's degree,single,Central,Corporate Employee,0.5137844611528822,0.0,0.0,0.0,0.0927318295739348,0.0,0.0,0.3934837092731829,0.0,0.0
1755,0.0,36,Female,others,single,Central,Professional,1.0,0.0,0.0,0.0,0.0,0.0,0.0,0.0,0.0,0.0
1756,0.0,61,Female,bachelor's degree,single,Central,Corporate Employee,0.0,0.4510802740207272,0.0,0.0,0.0,0.5489197259792727,0.0,0.0,0.0,0.0
1759,0.0,31,Male,vocational certificate,single,Central,Corporate Employee,0.0,0.0,0.0,0.0,0.0,0.0,0.0,1.0,0.0,0.0
1760,0.0,41,Female,bachelor's degree,single,Southern,Corporate Employee,1.0,0.0,0.0,0.0,0.0,0.0,0.0,0.0,0.0,0.0
1772,Unknown,33,Female,Unknown,Unknown,Unknown,Agriculture/Trade,0.0,0.5,0.0,0.5,0.0,0.0,0.0,0.0,0.0,0.0
1779,0.0,28,Female,others,married,Northeastern,Professional,0.0,0.0,0.0226628895184136,0.9773371104815864,0.0,0.0,0.0,0.0,0.0,0.0
1781,1.0,52,Male,bachelor's degree,married,Central,Corporate Employee,0.9433962264150944,0.0,0.0,0.0,0.0,0.0058055152394775,0.0,0.0507982583454281,0.0,0.0
1787,0.0,23,Female,Unknown,single,Central,Student,1.0,0.0,0.0,0.0,0.0,0.0,0.0,0.0,0.0,0.0
1788,0.0,37,Male,others,others,Central,Corporate Employee,0.9694596711041504,0.0,0.0,0.0,0.0,0.0,0.0305403288958496,0.0,0.0,0.0
1791,0.0,41,Female,master's degree,single,Eastern,Entrepreneur,1.0,0.0,0.0,0.0,0.0,0.0,0.0,0.0,0.0,0.0
1792,0.0,44,Female,bachelor's degree,divorce,Western,Entrepreneur,0.0,0.0,0.9079575905860422,0.0920424094139578,0.0,0.0,0.0,0.0,0.0,0.0
1794,0.0,33,Female,less than high school,single,Central,Corporate Employee,0.7748423110251296,0.1533943713376638,0.0717633176372067,0.0,0.0,0.0,0.0,0.0,0.0,0.0
1796,0.0,24,Female,others,single,Central,Corporate Employee,0.0,0.0,0.924580570069364,0.0754194299306358,0.0,0.0,0.0,0.0,0.0,0.0
1801,0.0,31,Male,bachelor's degree,single,Central,Corporate Employee,0.0086322549691504,0.0509283966373313,0.9350501505398496,0.0053891978536684,0.0,0.0,0.0,0.0,0.0,0.0
1802,0.0,22,Male,Unknown,single,Central,Student,0.1535589433450941,0.0,0.4088042951669408,0.0415966642962379,0.396040097191727,0.0,0.0,0.0,0.0,0.0
1804,0.0,26,Male,others,single,Central,Corporate Employee,0.1758473446146863,0.0,0.4120763276926568,0.4120763276926568,0.0,0.0,0.0,0.0,0.0,0.0
1805,0.0,33,Female,vocational certificate,married,Northeastern,Corporate Employee,0.0,1.0,0.0,0.0,0.0,0.0,0.0,0.0,0.0,0.0
1807,0.0,44,Male,high school,married,Central,Corporate Employee,1.0,0.0,0.0,0.0,0.0,0.0,0.0,0.0,0.0,0.0
1817,0.0,27,Female,others,single,Central,Corporate Employee,1.0,0.0,0.0,0.0,0.0,0.0,0.0,0.0,0.0,0.0
1818,0.0,28,Male,high school,single,Central,Corporate Employee,0.0,1.0,0.0,0.0,0.0,0.0,0.0,0.0,0.0,0.0
1819,0.0,52,Female,others,married,Eastern,Corporate Employee,0.0,0.0,0.0112496312846889,0.0,0.9887503687153112,0.0,0.0,0.0,0.0,0.0
1820,0.0,29,Male,bachelor's degree,single,Central,Professional,0.8874570930167126,0.0,0.1125429069832873,0.0,0.0,0.0,0.0,0.0,0.0,0.0
1822,0.0,28,Female,bachelor's degree,single,Central,Corporate Employee,1.0,0.0,0.0,0.0,0.0,0.0,0.0,0.0,0.0,0.0
1825,0.0,34,Female,Unknown,single,Northeastern,Professional,0.0,0.0,1.0,0.0,0.0,0.0,0.0,0.0,0.0,0.0
1826,0.0,38,Male,vocational certificate,married,Central,Corporate Employee,0.0,0.8869748023363178,0.0,0.0,0.0,0.0,0.0,0.0,0.1130251976636822,0.0
1830,0.0,46,Male,bachelor's degree,single,Northern,Corporate Employee,0.91515912109432,0.0791270794222238,0.0,0.0,0.0,0.0,0.0,0.0,0.005713799483456,0.0
1831,0.0,43,Male,master's degree,married,Central,Corporate Employee,0.9936213169227665,0.0,0.0040520312490147,0.0,0.0,0.0,0.0,0.0,0.0023266518282186,0.0
1833,1.0,39,Male,high school,married,Northern,Corporate Employee,1.0,0.0,0.0,0.0,0.0,0.0,0.0,0.0,0.0,0.0
1835,0.0,21,Female,Unknown,single,Central,Corporate Employee,0.0,0.0,0.0,1.0,0.0,0.0,0.0,0.0,0.0,0.0
1837,0.0,52,Female,bachelor's degree,others,Central,Unemployed,0.7672241829062452,0.2041967162804971,0.0,0.0,0.0,0.0,0.0,0.0,0.0,0.0285791008132576
1838,0.0,39,Female,bachelor's degree,single,Southern,Corporate Employee,0.0,0.0,0.0,0.0,1.0,0.0,0.0,0.0,0.0,0.0
1842,0.0,33,Female,others,single,Central,Corporate Employee,0.0,1.0,0.0,0.0,0.0,0.0,0.0,0.0,0.0,0.0
1846,0.0,58,Female,master's degree,married,Central,Entrepreneur,0.9790500133318096,0.0,0.0,0.0,0.0,0.0,0.0,0.0209499866681903,0.0,0.0
1849,0.0,36,Female,bachelor's degree,married,Central,Corporate Employee,0.0,0.4139026111503175,0.0,0.4139026111503175,0.0,0.0,0.0,0.0,0.1721947776993648,0.0
1850,0.0,47,Female,bachelor's degree,divorce,Central,Corporate Employee,0.2981107572899895,0.0,0.0,0.0,0.078934859323083,0.0,0.0,0.0,0.0040572517692064,0.618897131617721
1853,0.0,40,Female,less than high school,single,Northern,Unemployed,0.0,0.0,1.0,0.0,0.0,0.0,0.0,0.0,0.0,0.0
1854,0.0,37,Male,bachelor's degree,single,Central,Corporate Employee,0.0,0.0,0.5,0.5,0.0,0.0,0.0,0.0,0.0,0.0
1857,0.0,40,Female,high school,single,Central,Corporate Employee,0.0,0.8708177238082935,0.1291822761917065,0.0,0.0,0.0,0.0,0.0,0.0,0.0
1862,0.0,34,Male,high school,single,Central,Corporate Employee,0.0,0.4798724546878496,0.5201275453121503,0.0,0.0,0.0,0.0,0.0,0.0,0.0
1865,0.0,53,Male,less than high school,married,Northeastern,Corporate Employee,0.0,0.6066838046272494,0.0,0.3933161953727506,0.0,0.0,0.0,0.0,0.0,0.0
1866,0.0,65,Male,others,married,Central,Entrepreneur,0.0,0.0,0.0,1.0,0.0,0.0,0.0,0.0,0.0,0.0
1867,0.0,21,Female,others,single,Southern,Student,0.0,0.0,1.0,0.0,0.0,0.0,0.0,0.0,0.0,0.0
1869,0.0,53,Female,others,single,Central,Freelancer,0.9872013258401432,0.0127986741598567,0.0,0.0,0.0,0.0,0.0,0.0,0.0,0.0
1878,1.0,47,Female,others,single,Central,Entrepreneur,0.7008052252037591,0.2991947747962408,0.0,0.0,0.0,0.0,0.0,0.0,0.0,0.0
1879,0.0,34,Female,bachelor's degree,single,Central,Corporate Employee,0.625,0.0,0.375,0.0,0.0,0.0,0.0,0.0,0.0,0.0
1880,0.0,20,Male,Unknown,Unknown,Eastern,Student,0.0,0.0,1.0,0.0,0.0,0.0,0.0,0.0,0.0,0.0
1882,0.0,31,Female,high school,single,Central,Corporate Employee,1.0,0.0,0.0,0.0,0.0,0.0,0.0,0.0,0.0,0.0
1883,0.0,51,Female,vocational certificate,married,Central,Corporate Employee,1.0,0.0,0.0,0.0,0.0,0.0,0.0,0.0,0.0,0.0
1885,0.0,32,Female,bachelor's degree,single,Western,Entrepreneur,0.3788573763561071,0.0,0.0,0.0,0.0,0.0,0.0,0.0,0.0,0.6211426236438928
1887,0.0,79,Female,high school,married,Central,Homemaker,0.0,0.5,0.0,0.5,0.0,0.0,0.0,0.0,0.0,0.0
1890,0.0,62,Male,bachelor's degree,divorce,Central,Entrepreneur,1.0,0.0,0.0,0.0,0.0,0.0,0.0,0.0,0.0,0.0
1893,0.0,30,Male,bachelor's degree,single,Northern,Other,1.0,0.0,0.0,0.0,0.0,0.0,0.0,0.0,0.0,0.0
1896,0.0,32,Female,less than high school,single,Northeastern,Entrepreneur,0.0,0.0,0.5,0.5,0.0,0.0,0.0,0.0,0.0,0.0
1905,3.0,65,Female,less than high school,married,Central,Freelancer,0.0,1.0,0.0,0.0,0.0,0.0,0.0,0.0,0.0,0.0
1906,0.0,31,Female,bachelor's degree,single,Central,Corporate Employee,0.0,0.0,0.4611796982167352,0.4611796982167352,0.0,0.0,0.0776406035665294,0.0,0.0,0.0
1907,0.0,41,Female,master's degree,married,Central,Corporate Employee,1.0,0.0,0.0,0.0,0.0,0.0,0.0,0.0,0.0,0.0
1912,0.0,32,Male,less than high school,single,Central,Other,0.0,0.0,0.5481213582479405,0.4518786417520595,0.0,0.0,0.0,0.0,0.0,0.0
1914,0.0,32,Female,bachelor's degree,single,Western,Freelancer,1.0,0.0,0.0,0.0,0.0,0.0,0.0,0.0,0.0,0.0
1915,0.0,49,Female,less than high school,single,Central,Corporate Employee,0.0,0.0,0.0,1.0,0.0,0.0,0.0,0.0,0.0,0.0
1916,0.0,27,Female,Unknown,single,Central,Corporate Employee,0.0,0.0469426060627842,0.0711231825326562,0.0,0.8819342114045594,0.0,0.0,0.0,0.0,0.0
1917,0.0,40,Male,vocational certificate,single,Eastern,Freelancer,0.5323917194381972,0.0937930319996201,0.3620162969422009,0.0117989516199816,0.0,0.0,0.0,0.0,0.0,0.0
1921,0.0,26,Male,vocational certificate,single,Central,Corporate Employee,0.4189897834416465,0.0,0.3840328704122517,0.1969773461461017,0.0,0.0,0.0,0.0,0.0,0.0
1923,0.0,36,Female,high school,single,Central,Corporate Employee,0.7680545646528353,0.1060611537595642,0.1258842815876005,0.0,0.0,0.0,0.0,0.0,0.0,0.0
1926,0.0,20,Female,others,others,Southern,Student,0.0,0.0,0.6251514895296074,0.3748485104703926,0.0,0.0,0.0,0.0,0.0,0.0
1928,0.0,47,Male,less than high school,married,Central,Freelancer,0.0,0.0,0.0,0.0,1.0,0.0,0.0,0.0,0.0,0.0
1929,0.0,25,Male,high school,single,Central,Corporate Employee,0.2547361824726222,0.4832676538542858,0.261996163673092,0.0,0.0,0.0,0.0,0.0,0.0,0.0
1930,1.0,60,Male,vocational certificate,married,Southern,Entrepreneur,1.0,0.0,0.0,0.0,0.0,0.0,0.0,0.0,0.0,0.0
1931,0.0,28,Male,less than high school,single,Northeastern,Corporate Employee,0.0,0.0,1.0,0.0,0.0,0.0,0.0,0.0,0.0,0.0
1932,1.0,69,Male,bachelor's degree,married,Central,Corporate Employee,1.0,0.0,0.0,0.0,0.0,0.0,0.0,0.0,0.0,0.0
1938,0.0,42,Male,bachelor's degree,married,Central,Entrepreneur,0.845756880733945,0.0,0.1330275229357798,0.0212155963302752,0.0,0.0,0.0,0.0,0.0,0.0
1940,0.0,24,Female,vocational certificate,single,Central,Freelancer,0.0,0.0,0.5576800509878904,0.4423199490121096,0.0,0.0,0.0,0.0,0.0,0.0
1941,1.0,53,Female,less than high school,married,Central,Homemaker,0.0,1.0,0.0,0.0,0.0,0.0,0.0,0.0,0.0,0.0
1943,0.0,35,Female,high school,married,Southern,Corporate Employee,1.0,0.0,0.0,0.0,0.0,0.0,0.0,0.0,0.0,0.0
1944,0.0,57,Male,bachelor's degree,married,Central,Corporate Employee,0.0,0.6680888989054105,0.0,0.2599458083418274,0.0,0.0,0.071965292752762,0.0,0.0,0.0
1955,0.0,26,Female,high school,single,Central,Student,0.0,0.0,1.0,0.0,0.0,0.0,0.0,0.0,0.0,0.0
1960,0.0,37,Male,less than high school,single,Eastern,Freelancer,0.0,0.0,0.0,1.0,0.0,0.0,0.0,0.0,0.0,0.0
1963,0.0,56,Female,bachelor's degree,married,Central,Freelancer,0.9907269006951196,0.0,0.0,0.0,0.0,0.0092730993048803,0.0,0.0,0.0,0.0
1968,0.0,26,Male,Unknown,single,Eastern,Student,0.0,0.0,0.9132231404958676,0.0867768595041322,0.0,0.0,0.0,0.0,0.0,0.0
1969,0.0,21,Female,less than high school,single,Northeastern,Student,0.0,0.0,0.5849813273669856,0.4150186726330144,0.0,0.0,0.0,0.0,0.0,0.0
1970,0.0,43,Female,bachelor's degree,single,Western,Corporate Employee,0.0,1.0,0.0,0.0,0.0,0.0,0.0,0.0,0.0,0.0
1976,0.0,22,Male,Unknown,single,Central,Student,0.0,0.0,0.0,0.0,0.0559875147842031,0.0,0.0,0.9440124852157968,0.0,0.0
1977,0.0,40,Male,high school,single,Southern,Corporate Employee,0.0,0.0,1.0,0.0,0.0,0.0,0.0,0.0,0.0,0.0
1978,0.0,29,Male,less than high school,single,Southern,Student,0.0,0.0,0.0,0.0,0.0,0.0,1.0,0.0,0.0,0.0
1987,0.0,44,Female,high school,single,Central,Entrepreneur,0.1683498569026216,0.1000966315845298,0.3657767557564242,0.3657767557564242,0.0,0.0,0.0,0.0,0.0,0.0
1990,0.0,45,Female,vocational certificate,single,Southern,Corporate Employee,0.0,1.0,0.0,0.0,0.0,0.0,0.0,0.0,0.0,0.0
1991,0.0,41,Female,bachelor's degree,single,Southern,Professional,1.0,0.0,0.0,0.0,0.0,0.0,0.0,0.0,0.0,0.0
1992,0.0,37,Male,bachelor's degree,single,Northern,Corporate Employee,0.2071160136415263,0.0,0.400440189440826,0.3875541445990923,0.0,0.0048896523185554,0.0,0.0,0.0,0.0
1994,0.0,40,Female,bachelor's degree,single,Northern,Corporate Employee,0.0544328584947203,0.018890495838534,0.0918553951130912,0.0675417658027871,0.0833206487693543,0.0,0.6839588359815131,0.0,0.0,0.0
1995,0.0,36,Female,high school,single,Central,Corporate Employee,0.0,0.0,0.9204854454708258,0.0,0.0,0.0,0.0490830583513421,0.0,0.0,0.0304314961778321
1998,0.0,46,Female,high school,married,Eastern,Corporate Employee,0.267679589980987,0.6830519963627345,0.0492684136562784,0.0,0.0,0.0,0.0,0.0,0.0,0.0
2008,0.0,27,Female,others,single,Southern,Student,0.0,0.0,0.4220472440944882,0.4220472440944882,0.0,0.0,0.0,0.0,0.0,0.1559055118110236
2010,2.0,58,Female,vocational certificate,married,Central,Corporate Employee,0.0,0.5758624045733096,0.0240754432186647,0.0,0.4000621522080255,0.0,0.0,0.0,0.0,0.0
2011,0.0,49,Female,high school,married,Western,Freelancer,1.0,0.0,0.0,0.0,0.0,0.0,0.0,0.0,0.0,0.0
2012,0.0,37,Male,others,married,Eastern,Corporate Employee,0.0,1.0,0.0,0.0,0.0,0.0,0.0,0.0,0.0,0.0
2013,0.0,31,Female,others,married,Central,Corporate Employee,0.8237232289950577,0.1762767710049423,0.0,0.0,0.0,0.0,0.0,0.0,0.0,0.0
2019,0.0,38,Female,master's degree,single,Central,Professional,0.0,0.0,0.0,0.0,0.0,1.0,0.0,0.0,0.0,0.0
2021,0.0,34,Female,bachelor's degree,single,Central,Corporate Employee,0.4218025870748144,0.0,0.2241470147022746,0.2874229662210985,0.0,0.0,0.0632759515188239,0.0,0.0,0.0033514804829885
2022,0.0,39,Male,master's degree,married,Central,Corporate Employee,1.0,0.0,0.0,0.0,0.0,0.0,0.0,0.0,0.0,0.0
2025,0.0,58,Female,others,divorce,Central,Entrepreneur,1.0,0.0,0.0,0.0,0.0,0.0,0.0,0.0,0.0,0.0
2027,0.0,27,Male,bachelor's degree,married,Northern,Entrepreneur,0.0208985152703592,0.0,0.0009781233613682,0.0,0.9781233613682724,0.0,0.0,0.0,0.0,0.0
2034,0.0,45,Female,bachelor's degree,single,Northeastern,Corporate Employee,0.6064171977949337,0.0006149097158809,0.1811112033475684,0.1811112033475684,0.0,0.0,0.0307454857940482,0.0,0.0,0.0
2035,0.0,19,Female,Unknown,Unknown,Central,Homemaker,0.0,0.0,1.0,0.0,0.0,0.0,0.0,0.0,0.0,0.0
2036,0.0,57,Female,bachelor's degree,single,Eastern,Homemaker,0.0835533571738912,0.0,0.0,0.0,0.0,0.0,0.9164466428261088,0.0,0.0,0.0
2042,0.0,39,Female,bachelor's degree,single,Central,Corporate Employee,0.9686609686609686,0.0,0.0313390313390313,0.0,0.0,0.0,0.0,0.0,0.0,0.0
2047,0.0,41,Female,bachelor's degree,single,Central,Corporate Employee,1.966873423175122e-05,0.0,0.0,0.0,0.9999803312657684,0.0,0.0,0.0,0.0,0.0
2049,0.0,34,Female,bachelor's degree,single,Central,Corporate Employee,1.0,0.0,0.0,0.0,0.0,0.0,0.0,0.0,0.0,0.0
2051,0.0,70,Male,less than high school,married,Central,Entrepreneur,0.0,0.0,0.0,1.0,0.0,0.0,0.0,0.0,0.0,0.0
2053,0.0,29,Female,bachelor's degree,single,Central,Student,0.9163286753805148,0.0729129812937,0.010758343325785,0.0,0.0,0.0,0.0,0.0,0.0,0.0
2056,0.0,35,Male,bachelor's degree,single,Northeastern,Entrepreneur,0.1019356613705484,0.0614783657613607,0.0,0.0,0.0,0.3058069841116452,0.5307789887564456,0.0,0.0,0.0
2059,0.0,45,Male,bachelor's degree,single,Central,Professional,0.70113497158099,0.0255204630784754,0.1638556835038562,0.1094888818366783,0.0,0.0,0.0,0.0,0.0,0.0
2065,0.0,40,Female,bachelor's degree,single,Central,Corporate Employee,0.5978058097183975,0.285866571910811,0.0,0.0752864884072132,0.0,0.0,0.0,0.0,0.0410411299635782,0.0
2067,0.0,64,Female,Unknown,married,Eastern,Homemaker,0.0,0.6281256493731385,0.0,0.3718743506268615,0.0,0.0,0.0,0.0,0.0,0.0
2076,0.0,37,Male,high school,single,Central,Entrepreneur,0.0,0.5152393528508702,0.3058320003149144,0.0,0.1789286468342154,0.0,0.0,0.0,0.0,0.0
2079,0.0,45,Female,vocational certificate,married,Central,Entrepreneur,0.8503666462655244,0.096388013317078,0.0517685821315529,0.0,0.0,0.0,0.0,0.0,0.0,0.0014767582858446
2080,0.0,55,Female,bachelor's degree,married,Central,Corporate Employee,0.846877412325445,0.1531225876745551,0.0,0.0,0.0,0.0,0.0,0.0,0.0,0.0
2082,0.0,51,Male,bachelor's degree,single,Central,Corporate Employee,1.0,0.0,0.0,0.0,0.0,0.0,0.0,0.0,0.0,0.0
2088,0.0,24,Female,Unknown,single,Central,Corporate Employee,0.7365116775196319,0.2126944136859108,0.0507939087944573,0.0,0.0,0.0,0.0,0.0,0.0,0.0
2095,0.0,31,Female,high school,married,Northern,Corporate Employee,0.0,0.1774730402905688,0.8225269597094312,0.0,0.0,0.0,0.0,0.0,0.0,0.0
2096,1.0,54,Female,vocational certificate,married,Western,Entrepreneur,0.0,0.5189938508345295,0.0,0.0,0.4810061491654704,0.0,0.0,0.0,0.0,0.0
2102,0.0,50,Male,vocational certificate,single,Central,Corporate Employee,0.0,0.0,0.0,1.0,0.0,0.0,0.0,0.0,0.0,0.0
2103,0.0,33,Male,high school,single,Southern,Corporate Employee,0.0,0.2173389524382901,0.7826610475617098,0.0,0.0,0.0,0.0,0.0,0.0,0.0
2106,0.0,50,Female,bachelor's degree,married,Central,Professional,0.2726024474946717,0.0250260230490262,0.341121002774394,0.3192837293804208,0.0280431030602211,0.0114073639567001,0.0,0.0025163302845662,0.0,0.0
2114,0.0,63,Male,vocational certificate,single,Central,Corporate Employee,0.0,0.0,0.0,0.0,0.0,1.0,0.0,0.0,0.0,0.0
2115,0.0,51,Female,bachelor's degree,married,Central,Professional,1.0,0.0,0.0,0.0,0.0,0.0,0.0,0.0,0.0,0.0
2116,0.0,42,Male,bachelor's degree,single,Southern,Corporate Employee,1.0,0.0,0.0,0.0,0.0,0.0,0.0,0.0,0.0,0.0
2121,0.0,32,Female,Unknown,single,Central,Entrepreneur,0.6010499669547217,0.0,0.3989500330452782,0.0,0.0,0.0,0.0,0.0,0.0,0.0
2122,0.0,32,Male,others,single,Northern,Corporate Employee,1.0,0.0,0.0,0.0,0.0,0.0,0.0,0.0,0.0,0.0
2124,0.0,68,Female,bachelor's degree,single,Northern,Corporate Employee,0.0,1.0,0.0,0.0,0.0,0.0,0.0,0.0,0.0,0.0
2125,0.0,27,Female,less than high school,single,Northeastern,Unemployed,0.3714463743282186,0.0,0.0389438429784251,0.3779499961056157,0.0,0.19238258431342,0.0,0.0,0.0192772022743204,0.0
2129,0.0,66,Male,master's degree,married,Central,Corporate Employee,0.0,1.0,0.0,0.0,0.0,0.0,0.0,0.0,0.0,0.0
2130,0.0,31,Female,vocational certificate,single,Eastern,Corporate Employee,0.0,0.7368421052631579,0.0,0.0,0.0,0.0,0.2631578947368421,0.0,0.0,0.0
2131,0.0,33,Female,high school,married,Eastern,Corporate Employee,0.0,0.0,0.0,0.0,1.0,0.0,0.0,0.0,0.0,0.0
2132,0.0,51,Male,Unknown,married,Southern,Corporate Employee,0.0,1.0,0.0,0.0,0.0,0.0,0.0,0.0,0.0,0.0
2133,0.0,55,Female,master's degree,married,Central,Professional,0.3868722815342032,0.0,0.0,0.0,0.0,0.0,0.0,0.0,0.0,0.6131277184657967
2136,0.0,49,Male,bachelor's degree,single,Central,Corporate Employee,0.0,0.0,0.0,0.0,0.0,0.0,1.0,0.0,0.0,0.0
2137,0.0,37,Female,high school,divorce,Eastern,Corporate Employee,0.0,0.0,0.0,1.0,0.0,0.0,0.0,0.0,0.0,0.0
2141,1.0,37,Female,others,married,Eastern,Corporate Employee,0.0,0.2895927253408071,0.4268645741498588,0.2835427005093339,0.0,0.0,0.0,0.0,0.0,0.0
2144,1.0,53,Female,less than high school,widow,Central,Entrepreneur,0.0,0.0,0.1226408647519655,0.0,0.8773591352480344,0.0,0.0,0.0,0.0,0.0
2145,0.0,38,Male,bachelor's degree,married,Central,Corporate Employee,0.0352018849435991,0.0,0.4823990575282004,0.4823990575282004,0.0,0.0,0.0,0.0,0.0,0.0
2148,0.0,23,Female,vocational certificate,single,Western,Student,0.0,0.0,0.304975922953451,0.304975922953451,0.0,0.0,0.3900481540930979,0.0,0.0,0.0
2151,0.0,38,Female,high school,married,Central,Freelancer,0.0,0.1515172362393868,0.0,0.0,0.8484827637606133,0.0,0.0,0.0,0.0,0.0
2152,0.0,39,Female,bachelor's degree,married,Eastern,Entrepreneur,1.0,0.0,0.0,0.0,0.0,0.0,0.0,0.0,0.0,0.0
2159,0.0,38,Male,high school,married,Central,Entrepreneur,0.0,0.0,0.0,0.0,0.0,1.0,0.0,0.0,0.0,0.0
2160,0.0,28,Male,others,single,Central,Corporate Employee,0.1854725531533425,0.0396911263748153,0.2946818836592498,0.2946818836592498,0.0,0.0,0.0,0.0,0.1854725531533425,0.0
2163,0.0,38,Female,bachelor's degree,married,Northeastern,Entrepreneur,0.0507708644901746,0.0,0.0,0.0,0.3324726478814833,0.0,0.0,0.431815186240686,0.0,0.1849413013876558
2167,0.0,32,Female,bachelor's degree,single,Central,Entrepreneur,0.7767664332587613,0.0249291488360948,0.0,0.0,0.0,0.0,0.0,0.0,0.0,0.1983044179051438
2174,0.0,49,Male,bachelor's degree,single,Central,Corporate Employee,1.0,0.0,0.0,0.0,0.0,0.0,0.0,0.0,0.0,0.0
2175,0.0,45,Male,bachelor's degree,married,Central,Entrepreneur,0.7722865533630833,0.0302376236506351,0.0106470318364351,0.0,0.1733922369722652,0.0,0.0127764382037222,0.0,0.0006601159738589,0.0
2176,0.0,30,Female,bachelor's degree,single,Central,Corporate Employee,0.2353335204077014,0.3532084762792719,0.3795950141663574,0.0318629891466693,0.0,0.0,0.0,0.0,0.0,0.0
2181,0.0,41,Female,bachelor's degree,married,Northeastern,Professional,0.0,0.5963097327032176,0.4036902672967823,0.0,0.0,0.0,0.0,0.0,0.0,0.0
2182,0.0,36,Male,high school,single,Central,Corporate Employee,0.0,0.0,1.0,0.0,0.0,0.0,0.0,0.0,0.0,0.0
2185,0.0,21,Female,Unknown,single,Central,Student,0.0,0.0,0.7174781788329494,0.1412609105835252,0.0,0.0,0.1412609105835252,0.0,0.0,0.0
2191,0.0,41,Female,bachelor's degree,single,Central,Corporate Employee,0.8080186129166362,0.0,0.0,0.0,0.0,0.0890322603667272,0.0657482724351482,0.0,0.0372008542814882,0.0
2199,0.0,36,Male,high school,single,Central,Student,1.0,0.0,0.0,0.0,0.0,0.0,0.0,0.0,0.0,0.0
2202,0.0,36,Female,bachelor's degree,married,Northeastern,Corporate Employee,0.0,0.0,1.0,0.0,0.0,0.0,0.0,0.0,0.0,0.0
2204,2.0,63,Female,master's degree,single,Central,Entrepreneur,0.0,0.0,0.0,0.0,1.0,0.0,0.0,0.0,0.0,0.0
2205,0.0,60,Female,others,single,Central,Professional,0.0,1.0,0.0,0.0,0.0,0.0,0.0,0.0,0.0,0.0
2209,0.0,31,Female,Unknown,single,Southern,Corporate Employee,0.0,0.0,1.0,0.0,0.0,0.0,0.0,0.0,0.0,0.0
2212,1.0,51,Female,others,married,Central,Entrepreneur,1.0,0.0,0.0,0.0,0.0,0.0,0.0,0.0,0.0,0.0
2215,0.0,21,Female,high school,single,Southern,Student,0.0,0.0,0.0,0.0,0.0,0.0,1.0,0.0,0.0,0.0
2217,0.0,59,Female,bachelor's degree,single,Central,Corporate Employee,0.0,0.0,0.0,0.0,0.0,0.0,1.0,0.0,0.0,0.0
2219,0.0,22,Female,others,single,Northern,Student,0.0,0.3247855438810212,0.6752144561189788,0.0,0.0,0.0,0.0,0.0,0.0,0.0
2221,0.0,40,Female,bachelor's degree,single,Central,Corporate Employee,0.7242469628735616,0.0359677592173673,0.1182863050888653,0.0961082200822578,0.0,0.0042673534013357,0.021123399336612,0.0,0.0,0.0
2223,0.0,28,Female,less than high school,single,Northern,Corporate Employee,0.663519313304721,0.336480686695279,0.0,0.0,0.0,0.0,0.0,0.0,0.0,0.0
2225,0.0,42,Female,bachelor's degree,married,Eastern,Corporate Employee,0.0,0.1099639110395389,0.4450180444802304,0.4450180444802304,0.0,0.0,0.0,0.0,0.0,0.0
2229,1.0,47,Female,less than high school,married,Central,Corporate Employee,0.0,1.0,0.0,0.0,0.0,0.0,0.0,0.0,0.0,0.0
2232,0.0,55,Female,high school,single,Central,Unemployed,0.0,0.0,0.0,0.0,1.0,0.0,0.0,0.0,0.0,0.0
2233,0.0,40,Female,master's degree,single,Central,Corporate Employee,0.4999153258949935,0.0,0.0435525832092725,0.3599387042088636,0.0,0.0257857727441431,0.0708076139427272,0.0,0.0,0.0
2235,0.0,21,Female,Unknown,single,Central,Student,0.0,0.6497996394658583,0.0855407438026018,0.0453538171839298,0.0,0.21930579954761,0.0,0.0,0.0,0.0
2236,0.0,24,Female,bachelor's degree,single,Eastern,Student,0.0,0.0,0.646794711898229,0.353205288101771,0.0,0.0,0.0,0.0,0.0,0.0
2237,0.0,37,Female,others,others,Central,Student,0.0,0.0,0.0,0.0,1.0,0.0,0.0,0.0,0.0,0.0
2238,0.0,51,Male,less than high school,single,Western,Freelancer,0.0,0.0,1.0,0.0,0.0,0.0,0.0,0.0,0.0,0.0
2239,0.0,36,Female,high school,married,Central,Professional,0.0,0.1982136517814259,0.4375359850123356,0.3642503632062385,0.0,0.0,0.0,0.0,0.0,0.0
2240,0.0,44,Female,less than high school,single,Southern,Freelancer,0.0,1.0,0.0,0.0,0.0,0.0,0.0,0.0,0.0,0.0
2241,0.0,43,Female,bachelor's degree,single,Northeastern,Entrepreneur,0.0,0.0,0.0,0.0,0.5995903643358643,0.0,0.0,0.0,0.0,0.4004096356641357
2244,0.0,33,Male,bachelor's degree,married,Western,Corporate Employee,0.5241499019961579,0.4340400011701951,0.041810096833647,0.0,0.0,0.0,0.0,0.0,0.0,0.0
2249,0.0,32,Female,others,single,Northeastern,Corporate Employee,0.0,0.0,0.3243178630626036,0.0232236206990765,0.0,0.3436868180907451,0.0632957505327771,0.0,0.2454759476147975,0.0
2250,0.0,51,Male,less than high school,married,Northeastern,Corporate Employee,0.0,1.0,0.0,0.0,0.0,0.0,0.0,0.0,0.0,0.0
2252,0.0,61,Male,master's degree,married,Central,Homemaker,1.0,0.0,0.0,0.0,0.0,0.0,0.0,0.0,0.0,0.0
2253,0.0,30,Female,Unknown,single,Eastern,Corporate Employee,0.0,0.8887900471520298,0.1112099528479701,0.0,0.0,0.0,0.0,0.0,0.0,0.0
2254,0.0,48,Male,others,others,Southern,Other,0.0,0.0,0.0,0.0,0.0,0.0,0.0,1.0,0.0,0.0
2255,0.0,26,Female,Unknown,single,Northeastern,Student,0.0,0.0,0.8595543551654288,0.1404456448345712,0.0,0.0,0.0,0.0,0.0,0.0
2258,0.0,31,Male,high school,single,Central,Freelancer,0.0,0.0,1.0,0.0,0.0,0.0,0.0,0.0,0.0,0.0
2260,0.0,50,Female,others,married,Southern,Freelancer,0.1576072517348055,0.8423927482651945,0.0,0.0,0.0,0.0,0.0,0.0,0.0,0.0
2261,0.0,55,Female,bachelor's degree,single,Central,Corporate Employee,0.0,0.0,0.6954323725055432,0.0,0.0,0.0,0.3045676274944567,0.0,0.0,0.0
2262,0.0,28,Male,bachelor's degree,single,Central,Corporate Employee,0.3727385377073274,0.031696004160673,0.3052739408023543,0.2902915173296452,0.0,0.0,0.0,0.0,0.0,0.0
2264,0.0,25,Female,others,others,Northern,Student,0.6894194410789002,0.0190818727549615,0.2441945633829467,0.0083926669454049,0.0,0.0,0.0389114558377865,0.0,0.0,0.0
2266,1.0,40,Male,high school,married,Central,Corporate Employee,0.0,0.0,0.0,1.0,0.0,0.0,0.0,0.0,0.0,0.0
2267,0.0,44,Female,Unknown,Unknown,Northeastern,Freelancer,0.0,0.0,0.0,1.0,0.0,0.0,0.0,0.0,0.0,0.0
2271,0.0,23,Female,Unknown,married,Western,Entrepreneur,0.0,0.0,0.7489361702127659,0.0,0.0,0.0,0.0,0.0,0.0,0.251063829787234
2272,0.0,42,Male,Unknown,Unknown,Central,Corporate Employee,0.0,0.0,0.2183597458555466,0.1091798729277733,0.1460600306726064,0.1168480245380851,0.3482071131234938,0.0,0.0613452128824947,0.0
2273,0.0,36,Male,high school,single,Central,Corporate Employee,0.0,0.2373198242037433,0.0,0.0,0.0,0.0,0.0,0.7626801757962566,0.0,0.0
2277,0.0,45,Female,doctorate's degree,single,Northeastern,Professional,0.0,1.0,0.0,0.0,0.0,0.0,0.0,0.0,0.0,0.0
2279,0.0,41,Female,high school,married,Eastern,Corporate Employee,0.0,0.3397344852276595,0.0,0.6602655147723404,0.0,0.0,0.0,0.0,0.0,0.0
2281,0.0,40,Female,bachelor's degree,married,Central,Corporate Employee,0.0,0.0,0.0,0.0,0.0,0.0,0.0,1.0,0.0,0.0
2282,1.0,40,Female,bachelor's degree,married,Central,Corporate Employee,0.6633900355046098,0.0,0.2603554490081503,0.0527887179131332,0.0,0.0,0.0,0.0,0.0234657975741065,0.0
2284,0.0,41,Male,bachelor's degree,married,Southern,Corporate Employee,0.0,0.0,0.0,0.0,0.4868968010121091,0.1010301825411169,0.4120730164467739,0.0,0.0,0.0
2285,0.0,47,Male,less than high school,single,Central,Corporate Employee,0.0,0.3018406875925769,0.0,0.0,0.6981593124074231,0.0,0.0,0.0,0.0,0.0
2290,0.0,33,Female,bachelor's degree,single,Central,Unemployed,0.0,0.0,0.8996152755435205,0.0,0.0,0.1003847244564794,0.0,0.0,0.0,0.0
2291,0.0,42,Female,bachelor's degree,married,Central,Corporate Employee,1.0,0.0,0.0,0.0,0.0,0.0,0.0,0.0,0.0,0.0
2292,0.0,48,Female,vocational certificate,single,Central,Corporate Employee,0.0,0.0,0.0,0.0,1.0,0.0,0.0,0.0,0.0,0.0
2293,0.0,34,Female,bachelor's degree,married,Central,Corporate Employee,0.0,0.0,0.0,0.0,0.0,0.0,0.0,0.0,1.0,0.0
2299,0.0,39,Female,less than high school,single,Central,Homemaker,0.7473325304573327,0.1489716234915238,0.1036958460511433,0.0,0.0,0.0,0.0,0.0,0.0,0.0
2301,3.0,65,Male,bachelor's degree,married,Central,Corporate Employee,1.0,0.0,0.0,0.0,0.0,0.0,0.0,0.0,0.0,0.0
2302,0.0,46,Male,less than high school,single,Eastern,Freelancer,0.1628229620290796,0.0440828603255174,0.0,0.7799352928978175,0.0,0.0,0.0,0.0131588847475854,0.0,0.0
2305,0.0,49,Male,high school,married,Southern,Entrepreneur,0.0,1.0,0.0,0.0,0.0,0.0,0.0,0.0,0.0,0.0
2309,0.0,62,Male,bachelor's degree,single,Central,Unemployed,0.0,0.0,0.0,1.0,0.0,0.0,0.0,0.0,0.0,0.0
2311,0.0,43,Female,vocational certificate,single,Northern,Other,0.0,0.0,0.0,0.0,0.9771062271062272,0.0,0.0,0.0,0.0,0.0228937728937728
2314,0.0,49,Female,bachelor's degree,single,Northern,Entrepreneur,0.6365697178451286,0.0805176326675143,0.2829126494873569,0.0,0.0,0.0,0.0,0.0,0.0,0.0
2322,0.0,40,Female,bachelor's degree,single,Central,Corporate Employee,0.6120215043326809,0.3874392696723123,0.0002696129975033,0.0002696129975033,0.0,0.0,0.0,0.0,0.0,0.0
2323,0.0,45,Female,others,married,Central,Entrepreneur,0.0,1.0,0.0,0.0,0.0,0.0,0.0,0.0,0.0,0.0
2327,0.0,45,Male,less than high school,single,Northeastern,Corporate Employee,1.0,0.0,0.0,0.0,0.0,0.0,0.0,0.0,0.0,0.0
2330,0.0,40,Female,bachelor's degree,single,Central,Freelancer,1.0,0.0,0.0,0.0,0.0,0.0,0.0,0.0,0.0,0.0
2338,0.0,25,Male,Unknown,Unknown,Southern,Freelancer,0.0,0.0,1.0,0.0,0.0,0.0,0.0,0.0,0.0,0.0
2339,0.0,24,Female,others,single,Central,Student,0.0,0.2921501706484641,0.7078498293515358,0.0,0.0,0.0,0.0,0.0,0.0,0.0
2341,0.0,46,Female,others,married,Central,Corporate Employee,0.2700447400178117,0.071238861105695,0.0,0.6587163988764932,0.0,0.0,0.0,0.0,0.0,0.0
2346,0.0,49,Male,high school,single,Northeastern,Corporate Employee,0.0,1.0,0.0,0.0,0.0,0.0,0.0,0.0,0.0,0.0
2350,0.0,25,Female,high school,single,Northeastern,Unemployed,0.0,0.0,1.0,0.0,0.0,0.0,0.0,0.0,0.0,0.0
2351,0.0,43,Male,bachelor's degree,married,Central,Corporate Employee,0.0599049009697105,0.5066269796697742,0.4334681193605151,0.0,0.0,0.0,0.0,0.0,0.0,0.0
2354,0.0,31,Male,bachelor's degree,single,Central,Corporate Employee,1.0,0.0,0.0,0.0,0.0,0.0,0.0,0.0,0.0,0.0
2357,0.0,27,Female,less than high school,single,Central,Student,0.53020421724134,0.0,0.4426997938662131,0.0077502939404116,0.0,0.0115954010116236,0.0077502939404116,0.0,0.0,0.0
2369,0.0,53,Female,less than high school,single,Eastern,Corporate Employee,0.0,0.0,0.3346892375264192,0.0,0.6653107624735808,0.0,0.0,0.0,0.0,0.0
2372,0.0,36,Female,bachelor's degree,single,Central,Student,0.0,0.0,1.0,0.0,0.0,0.0,0.0,0.0,0.0,0.0
2376,0.0,53,Male,high school,married,Central,Entrepreneur,1.0,0.0,0.0,0.0,0.0,0.0,0.0,0.0,0.0,0.0
2382,0.0,34,Male,others,married,Eastern,Corporate Employee,0.0,0.0,1.0,0.0,0.0,0.0,0.0,0.0,0.0,0.0
2383,0.0,21,Female,Unknown,Unknown,Eastern,Freelancer,0.0,1.0,0.0,0.0,0.0,0.0,0.0,0.0,0.0,0.0
2384,0.0,58,Female,bachelor's degree,married,Central,Corporate Employee,0.8531689329977998,0.0081044112302002,0.0,0.0,0.0,0.1387266557719999,0.0,0.0,0.0,0.0
2386,0.0,54,Female,bachelor's degree,married,Northern,Entrepreneur,0.0,0.0,0.7955010224948875,0.0,0.0,0.0,0.0,0.0,0.0,0.2044989775051124
2390,0.0,54,Male,bachelor's degree,single,Northeastern,Entrepreneur,0.0,0.1840002108099415,0.0,0.0,0.0,0.0,0.014829959448628,0.0,0.0,0.8011698297414305
2391,1.0,53,Male,bachelor's degree,widow,Eastern,Entrepreneur,0.0,0.0,0.0,0.0,0.0,0.0,1.0,0.0,0.0,0.0
2394,0.0,51,Female,bachelor's degree,married,Central,Corporate Employee,0.6384238119397937,0.3615761880602063,0.0,0.0,0.0,0.0,0.0,0.0,0.0,0.0
2395,0.0,20,Female,less than high school,single,Central,Student,0.0,0.0,1.0,0.0,0.0,0.0,0.0,0.0,0.0,0.0
2398,0.0,53,Female,less than high school,single,Central,Corporate Employee,0.0,0.1592950992781345,0.6520158568040577,0.1886890439178077,0.0,0.0,0.0,0.0,0.0,0.0
2399,0.0,54,Female,less than high school,married,Central,Entrepreneur,0.0,0.0,0.0,0.9452411994784876,0.0,0.0,0.0,0.0,0.0547588005215123,0.0
2400,1.0,44,Male,vocational certificate,married,Central,Corporate Employee,1.0,0.0,0.0,0.0,0.0,0.0,0.0,0.0,0.0,0.0
2401,1.0,57,Female,less than high school,married,Central,Entrepreneur,0.0,0.7780090183836281,0.2219909816163718,0.0,0.0,0.0,0.0,0.0,0.0,0.0
2403,0.0,23,Female,Unknown,single,Northeastern,Student,0.5086115274103727,0.0,0.3045908029714267,0.1867976696182005,0.0,0.0,0.0,0.0,0.0,0.0
2404,0.0,19,Male,others,single,Southern,Student,0.0,0.0,1.0,0.0,0.0,0.0,0.0,0.0,0.0,0.0
2406,0.0,48,Male,bachelor's degree,single,Central,Corporate Employee,1.0,0.0,0.0,0.0,0.0,0.0,0.0,0.0,0.0,0.0
2407,1.0,45,Female,high school,married,Central,Corporate Employee,0.0,0.0,1.0,0.0,0.0,0.0,0.0,0.0,0.0,0.0
2413,0.0,39,Female,high school,married,Northeastern,Entrepreneur,0.0,0.0,0.0,0.0,1.0,0.0,0.0,0.0,0.0,0.0
2418,0.0,33,Male,high school,single,Eastern,Corporate Employee,0.0,1.0,0.0,0.0,0.0,0.0,0.0,0.0,0.0,0.0
2422,0.0,54,Female,bachelor's degree,single,Central,Corporate Employee,0.5084664615158362,0.0192217291536326,0.2225228623045752,0.2037431373693759,0.0,0.0,0.0,0.0187797249351993,0.0,0.0272660847213807
2423,0.0,64,Male,vocational certificate,married,Eastern,Entrepreneur,0.0,0.0,0.0,0.0,0.0,0.0,0.0,0.0,0.0,1.0
2425,0.0,49,Female,bachelor's degree,married,Central,Entrepreneur,1.0,0.0,0.0,0.0,0.0,0.0,0.0,0.0,0.0,0.0
2427,2.0,44,Female,bachelor's degree,married,Northeastern,Corporate Employee,0.0,0.0,1.0,0.0,0.0,0.0,0.0,0.0,0.0,0.0
2431,0.0,25,Male,vocational certificate,single,Central,Corporate Employee,0.0,0.0,1.0,0.0,0.0,0.0,0.0,0.0,0.0,0.0
2432,0.0,63,Female,master's degree,single,Central,Corporate Employee,0.6674749996998763,0.0732181658843443,0.1296534172078896,0.1296534172078896,0.0,0.0,0.0,0.0,0.0,0.0
2433,0.0,47,Male,high school,single,Central,Freelancer,0.0,0.6617463794478029,0.0,0.0,0.0,0.0,0.3382536205521971,0.0,0.0,0.0
2434,0.0,35,Female,bachelor's degree,single,Central,Corporate Employee,0.0,0.0,0.4642326767351284,0.4760290285522149,0.0,0.0,0.0184930931099218,0.0,0.0412452016027347,0.0
2435,0.0,36,Female,less than high school,divorce,Northeastern,Entrepreneur,0.0,0.0,1.0,0.0,0.0,0.0,0.0,0.0,0.0,0.0
2436,0.0,52,Female,vocational certificate,others,Central,Corporate Employee,0.7867670314377886,0.0,0.0,0.0,0.2005819469922196,0.0,0.0,0.0,0.0,0.0126510215699917
2437,1.0,38,Female,vocational certificate,single,Central,Freelancer,0.0,0.0,0.7610513739545997,0.2389486260454002,0.0,0.0,0.0,0.0,0.0,0.0
2440,0.0,31,Female,others,single,Central,Student,0.0,0.0,0.0,1.0,0.0,0.0,0.0,0.0,0.0,0.0
2441,0.0,31,Male,high school,single,Central,Student,0.0,0.0,0.0,0.0,1.0,0.0,0.0,0.0,0.0,0.0
2443,0.0,25,Female,bachelor's degree,single,Northern,Corporate Employee,0.6225796961916987,0.1788484167736414,0.1985718870346598,0.0,0.0,0.0,0.0,0.0,0.0,0.0
2444,0.0,39,Male,others,married,Eastern,Entrepreneur,0.9834672660662118,0.0,0.0,0.0,0.0,0.0,0.0,0.0165327339337881,0.0,0.0
2445,1.0,55,Female,bachelor's degree,married,Central,Corporate Employee,0.0,1.0,0.0,0.0,0.0,0.0,0.0,0.0,0.0,0.0
2446,0.0,23,Female,Unknown,single,Central,Entrepreneur,0.0,1.0,0.0,0.0,0.0,0.0,0.0,0.0,0.0,0.0
2451,0.0,24,Female,others,others,Northeastern,Student,0.0,0.0,0.7033355433331154,0.1668658779146317,0.0,0.1297985787522528,0.0,0.0,0.0,0.0
2462,0.0,25,Female,Unknown,single,Central,Corporate Employee,0.389645403624212,0.0726882542371568,0.4390167058768842,0.0986496362617469,0.0,0.0,0.0,0.0,0.0,0.0
2470,0.0,20,Female,Unknown,single,Northern,Freelancer,0.0,0.0,1.0,0.0,0.0,0.0,0.0,0.0,0.0,0.0
2471,0.0,25,Female,Unknown,single,Northeastern,Student,0.0,0.9374217772215268,0.0,0.0,0.0,0.0625782227784731,0.0,0.0,0.0,0.0
2473,2.0,49,Female,bachelor's degree,married,Central,Professional,0.0461475301257815,0.0,0.4828416774779385,0.0,0.0,0.0,0.0,0.0,0.0,0.4710107923962801
2475,0.0,52,Male,high school,married,Central,Corporate Employee,0.0,0.0,0.0,1.0,0.0,0.0,0.0,0.0,0.0,0.0
2477,0.0,36,Female,high school,married,Central,Corporate Employee,0.0,0.0,0.0,1.0,0.0,0.0,0.0,0.0,0.0,0.0
2478,0.0,19,Female,Unknown,single,Central,Corporate Employee,0.0,1.0,0.0,0.0,0.0,0.0,0.0,0.0,0.0,0.0
2483,0.0,41,Female,high school,single,Central,Corporate Employee,0.0,0.0,0.0,1.0,0.0,0.0,0.0,0.0,0.0,0.0
2485,0.0,48,Female,vocational certificate,married,Central,Corporate Employee,0.6093266299037725,0.1584046489758669,0.2322687211203605,0.0,0.0,0.0,0.0,0.0,0.0,0.0
2488,0.0,27,Male,bachelor's degree,single,Central,Student,0.0,0.1149401479193579,0.378536444934012,0.378536444934012,0.0588944961458748,0.0,0.0629932017600037,0.0060992643067393,0.0,0.0
2491,0.0,40,Female,bachelor's degree,single,Central,Corporate Employee,0.2144360222185618,0.0,0.0760144601940176,0.0760144601940176,0.6335350573934029,0.0,0.0,0.0,0.0,0.0
2504,0.0,44,Male,vocational certificate,single,Central,Entrepreneur,0.9888868909988484,0.0,0.0,0.0,0.0,0.0111131090011515,0.0,0.0,0.0,0.0
2506,1.0,49,Female,vocational certificate,married,Eastern,Corporate Employee,0.0,0.0,0.0,1.0,0.0,0.0,0.0,0.0,0.0,0.0
2509,0.0,28,Female,high school,single,Central,Corporate Employee,0.0,0.0,0.0,1.0,0.0,0.0,0.0,0.0,0.0,0.0
2511,0.0,47,Female,less than high school,married,Central,Corporate Employee,0.0,0.0,0.0,1.0,0.0,0.0,0.0,0.0,0.0,0.0
2514,0.0,50,Male,doctorate's degree,single,Central,Corporate Employee,0.0,0.0,0.0,0.0,0.0,0.0,0.0,0.0,0.0,1.0
2521,0.0,46,Male,bachelor's degree,married,Central,Corporate Employee,0.8030203545633617,0.0,0.1969796454366382,0.0,0.0,0.0,0.0,0.0,0.0,0.0
2522,0.0,36,Male,Unknown,single,Central,Corporate Employee,0.0,1.0,0.0,0.0,0.0,0.0,0.0,0.0,0.0,0.0
2524,1.0,56,Male,less than high school,married,Central,Entrepreneur,0.6088555112258468,0.0,0.0,0.3911444887741532,0.0,0.0,0.0,0.0,0.0,0.0
2527,0.0,31,Female,high school,single,Northeastern,Student,0.0,0.0,0.6214202892136054,0.3785797107863946,0.0,0.0,0.0,0.0,0.0,0.0
2532,0.0,44,Male,bachelor's degree,single,Central,Corporate Employee,0.0,0.013880528861122,0.3191348927956163,0.1795906930405363,0.4873938853027253,0.0,0.0,0.0,0.0,0.0
2533,0.0,43,Male,high school,married,Central,Entrepreneur,0.9322987688209398,0.0677012311790602,0.0,0.0,0.0,0.0,0.0,0.0,0.0,0.0
2534,0.0,38,Male,doctorate's degree,single,Northern,Professional,1.0,0.0,0.0,0.0,0.0,0.0,0.0,0.0,0.0,0.0
2550,0.0,48,Female,high school,widow,Central,Corporate Employee,1.0,0.0,0.0,0.0,0.0,0.0,0.0,0.0,0.0,0.0
2551,0.0,51,Female,high school,single,Central,Corporate Employee,0.4728915662650602,0.0,0.0,0.0,0.5271084337349398,0.0,0.0,0.0,0.0,0.0
2557,0.0,69,Female,bachelor's degree,married,Southern,Entrepreneur,1.0,0.0,0.0,0.0,0.0,0.0,0.0,0.0,0.0,0.0
2558,0.0,40,Female,master's degree,single,Southern,Corporate Employee,0.5689994207750043,0.0396193933408634,0.3424013551577597,0.0356596740328927,0.0,0.0,0.0,0.0,0.0133201566934796,0.0
2559,0.0,31,Female,less than high school,single,Central,Corporate Employee,0.0,0.7848101265822784,0.120253164556962,0.0696202531645569,0.0,0.0253164556962025,0.0,0.0,0.0,0.0
2561,0.0,46,Male,vocational certificate,single,Central,Entrepreneur,0.0,0.0,0.0,0.0,0.0,0.0,1.0,0.0,0.0,0.0
2571,0.0,47,Male,others,married,Central,Corporate Employee,0.0,1.0,0.0,0.0,0.0,0.0,0.0,0.0,0.0,0.0
2574,0.0,39,Female,vocational certificate,single,Northeastern,Corporate Employee,0.0,0.2059686556973768,0.0,0.0,0.0,0.0,0.2724515163992099,0.0,0.0,0.5215798279034133
2575,0.0,34,Female,master's degree,single,Northern,Professional,0.0,0.0,1.0,0.0,0.0,0.0,0.0,0.0,0.0,0.0
2577,0.0,29,Male,high school,married,Southern,Freelancer,0.0,0.0,0.0,1.0,0.0,0.0,0.0,0.0,0.0,0.0
2578,0.0,20,Male,Unknown,single,Northeastern,Student,0.0,0.0,0.5,0.5,0.0,0.0,0.0,0.0,0.0,0.0
2579,0.0,35,Male,bachelor's degree,single,Central,Corporate Employee,1.0,0.0,0.0,0.0,0.0,0.0,0.0,0.0,0.0,0.0
2582,0.0,57,Male,less than high school,married,Central,Entrepreneur,0.0,0.0,1.0,0.0,0.0,0.0,0.0,0.0,0.0,0.0
2583,0.0,27,Female,bachelor's degree,single,Central,Student,0.0,0.0,0.5584737149406397,0.4415262850593603,0.0,0.0,0.0,0.0,0.0,0.0
2584,0.0,40,Male,high school,single,Eastern,Entrepreneur,0.398555883426151,0.0,0.13453019230869,0.1037519246144862,0.3631619996506728,0.0,0.0,0.0,0.0,0.0
2589,0.0,56,Female,less than high school,married,Central,Corporate Employee,0.0,0.700028677946659,0.0,0.0,0.0,0.0,0.2999713220533409,0.0,0.0,0.0
2590,0.0,36,Male,bachelor's degree,single,Central,Corporate Employee,0.9073917381256076,0.0,0.06749063701945,0.0,0.0,0.0,0.0,0.0,0.0251176248549422,0.0
2592,0.0,55,Female,bachelor's degree,married,Northern,Entrepreneur,0.0,0.0477087119543895,0.2104763330648607,0.1696076620698473,0.5464164370806937,0.0,0.0,0.0,0.0,0.0257908558302087
2594,0.0,27,Female,high school,married,Central,Corporate Employee,1.0,0.0,0.0,0.0,0.0,0.0,0.0,0.0,0.0,0.0
2601,0.0,33,Female,vocational certificate,single,Eastern,Student,0.0,0.0,1.0,0.0,0.0,0.0,0.0,0.0,0.0,0.0
2603,0.0,32,Female,vocational certificate,single,Northeastern,Corporate Employee,0.0,0.0,1.0,0.0,0.0,0.0,0.0,0.0,0.0,0.0
2605,0.0,28,Female,vocational certificate,married,Eastern,Corporate Employee,0.0,0.091972520050927,0.4900978687744106,0.4179296111746622,0.0,0.0,0.0,0.0,0.0,0.0
2610,0.0,26,Female,bachelor's degree,single,Southern,Freelancer,0.0,0.0,1.0,0.0,0.0,0.0,0.0,0.0,0.0,0.0
2613,0.0,39,Female,vocational certificate,single,Central,Corporate Employee,0.0,0.0,1.0,0.0,0.0,0.0,0.0,0.0,0.0,0.0
2616,0.0,38,Female,bachelor's degree,single,Central,Corporate Employee,0.9173111393308672,0.0018698365925412,0.0077819286227594,0.0,0.073037095453832,0.0,0.0,0.0,0.0,0.0
2618,0.0,53,Male,high school,married,Central,Entrepreneur,1.0,0.0,0.0,0.0,0.0,0.0,0.0,0.0,0.0,0.0
2620,0.0,23,Female,Unknown,single,Central,Student,0.094677484305629,0.0,0.6741529205479175,0.2311695951464534,0.0,0.0,0.0,0.0,0.0,0.0
2622,0.0,45,Male,vocational certificate,single,Central,Freelancer,0.0,0.8958476482543631,0.0,0.0,0.0,0.0,0.1041523517456368,0.0,0.0,0.0
2624,0.0,29,Female,Unknown,married,Eastern,Corporate Employee,0.0,0.0,1.0,0.0,0.0,0.0,0.0,0.0,0.0,0.0
2626,0.0,25,Female,less than high school,married,Central,Homemaker,0.0,1.0,0.0,0.0,0.0,0.0,0.0,0.0,0.0,0.0
2632,0.0,23,Male,vocational certificate,single,Northeastern,Student,0.0,0.0,1.0,0.0,0.0,0.0,0.0,0.0,0.0,0.0
2633,0.0,27,Female,others,single,Central,Corporate Employee,0.1020221962813075,0.01955347664027,0.4355829678819334,0.4251202271255012,0.0,0.0,0.0,0.000921908604849,0.0,0.0167992234661387
2637,0.0,58,Female,high school,married,Central,Entrepreneur,0.906088461416488,0.0939115385835119,0.0,0.0,0.0,0.0,0.0,0.0,0.0,0.0
2638,0.0,63,Female,bachelor's degree,married,Central,Entrepreneur,0.9955288718531142,0.0044711281468856,0.0,0.0,0.0,0.0,0.0,0.0,0.0,0.0
2640,0.0,27,Female,others,single,Central,Student,0.0,0.0,0.5000923694858893,0.3727754348814989,0.1271321956326118,0.0,0.0,0.0,0.0,0.0
2644,0.0,28,Female,bachelor's degree,single,Central,Corporate Employee,0.0,0.0,0.5,0.5,0.0,0.0,0.0,0.0,0.0,0.0
2645,0.0,39,Female,Unknown,Unknown,Northeastern,Entrepreneur,0.0,0.0,0.8495502861815208,0.1504497138184791,0.0,0.0,0.0,0.0,0.0,0.0
2646,0.0,41,Female,high school,married,Central,Freelancer,0.0,0.0,0.0,1.0,0.0,0.0,0.0,0.0,0.0,0.0
2651,0.0,40,Male,high school,single,Southern,Corporate Employee,1.0,0.0,0.0,0.0,0.0,0.0,0.0,0.0,0.0,0.0
2661,0.0,22,Female,others,single,Northeastern,Student,0.0,0.4029656501899285,0.2985171749050357,0.2985171749050357,0.0,0.0,0.0,0.0,0.0,0.0
2665,0.0,46,Female,others,single,Northern,Corporate Employee,0.0,0.1744495457866669,0.4413121476166068,0.3842383065967262,0.0,0.0,0.0,0.0,0.0,0.0
2666,0.0,55,Female,less than high school,others,Central,Corporate Employee,0.0,0.0,0.0,1.0,0.0,0.0,0.0,0.0,0.0,0.0
2671,0.0,29,Female,bachelor's degree,single,Northern,Unemployed,0.8704495436668268,0.128244782017673,0.0013056743155002,0.0,0.0,0.0,0.0,0.0,0.0,0.0
2672,0.0,57,Male,less than high school,married,Southern,Freelancer,0.0,0.0,0.0,1.0,0.0,0.0,0.0,0.0,0.0,0.0
2673,0.0,43,Male,bachelor's degree,single,Central,Corporate Employee,1.0,0.0,0.0,0.0,0.0,0.0,0.0,0.0,0.0,0.0
2675,0.0,28,Female,vocational certificate,single,Northeastern,Student,0.0,0.1635211150356178,0.8364788849643822,0.0,0.0,0.0,0.0,0.0,0.0,0.0
2682,1.0,53,Male,master's degree,married,Central,Corporate Employee,0.9753075492877225,0.0,0.0159612862560108,0.0087311644562667,0.0,0.0,0.0,0.0,0.0,0.0
2683,0.0,39,Female,less than high school,single,Eastern,Corporate Employee,0.0,0.0,1.0,0.0,0.0,0.0,0.0,0.0,0.0,0.0
2685,2.0,58,Female,high school,married,Northeastern,Freelancer,0.0,1.0,0.0,0.0,0.0,0.0,0.0,0.0,0.0,0.0
2688,0.0,36,Female,master's degree,single,Central,Corporate Employee,0.0,0.0,0.0,0.0,1.0,0.0,0.0,0.0,0.0,0.0
2689,0.0,29,Female,bachelor's degree,single,Central,Corporate Employee,1.0,0.0,0.0,0.0,0.0,0.0,0.0,0.0,0.0,0.0
2690,0.0,25,Male,bachelor's degree,single,Central,Student,0.4146017828627924,0.0,0.0,0.2926991085686038,0.0,0.0,0.2926991085686038,0.0,0.0,0.0
2691,0.0,45,Male,master's degree,single,Southern,Corporate Employee,1.0,0.0,0.0,0.0,0.0,0.0,0.0,0.0,0.0,0.0
2692,0.0,29,Male,master's degree,single,Central,Corporate Employee,0.0,0.0914143902542103,0.3869941298222469,0.2835317788302334,0.0,0.2380597010933092,0.0,0.0,0.0,0.0
2694,0.0,22,Female,others,single,Northern,Student,0.0,0.1884062062224543,0.0,0.8115937937775457,0.0,0.0,0.0,0.0,0.0,0.0
2698,0.0,28,Male,bachelor's degree,single,Central,Corporate Employee,0.6414715357029024,0.04061316660419,0.3179152976929075,0.0,0.0,0.0,0.0,0.0,0.0,0.0
2706,0.0,25,Female,bachelor's degree,single,Central,Student,0.0,0.0,0.544362292051756,0.1746765249537892,0.0,0.0,0.0,0.0,0.2809611829944547,0.0
2708,0.0,30,Female,Unknown,single,Central,Corporate Employee,0.0,0.0,0.3417984642420015,0.0241144547694425,0.0,0.0,0.0,0.0,0.6340870809885559,0.0
2710,0.0,50,Male,high school,married,Central,Corporate Employee,0.0,0.0,0.0,0.0,1.0,0.0,0.0,0.0,0.0,0.0
2712,1.0,59,Male,bachelor's degree,married,Central,Corporate Employee,0.0,0.2231302749227041,0.2923304519527465,0.4653507020850548,0.0,0.0,0.0,0.0,0.0191885710394944,0.0
2713,0.0,31,Female,high school,single,Central,Corporate Employee,0.0395583008969368,0.3241390252157725,0.467492384498223,0.1057708580132002,0.0,0.0,0.0,0.0,0.0630394313758673,0.0
2715,0.0,31,Male,vocational certificate,single,Eastern,Student,0.0,0.0541926351251046,0.4796567786944248,0.4514561165060567,0.0,0.0146944696744137,0.0,0.0,0.0,0.0
2716,0.0,38,Male,high school,single,Central,Entrepreneur,0.0,0.0,1.0,0.0,0.0,0.0,0.0,0.0,0.0,0.0
2718,0.0,32,Female,bachelor's degree,single,Western,Entrepreneur,0.0,0.0266803076912333,0.443100516426843,0.5249815811251052,0.0,0.0,0.0,0.0052375947568184,0.0,0.0
2723,0.0,43,Male,bachelor's degree,single,Northeastern,Entrepreneur,0.0,0.0,1.0,0.0,0.0,0.0,0.0,0.0,0.0,0.0
2725,0.0,41,Male,high school,single,Central,Unemployed,0.0,0.0,0.0085616544429659,0.0,0.0,0.0,0.0,0.991438345557034,0.0,0.0
2729,0.0,48,Female,bachelor's degree,married,Central,Corporate Employee,0.9958910947240344,0.0041089052759657,0.0,0.0,0.0,0.0,0.0,0.0,0.0,0.0
2731,0.0,44,Male,bachelor's degree,married,Central,Entrepreneur,0.0,0.0,0.0,1.0,0.0,0.0,0.0,0.0,0.0,0.0
2734,1.0,39,Male,vocational certificate,married,Eastern,Corporate Employee,0.0,0.0,0.4212765957446808,0.2819148936170212,0.0,0.0,0.2968085106382979,0.0,0.0,0.0
2738,0.0,53,Female,Unknown,single,Central,Entrepreneur,0.0,0.0,0.0,1.0,0.0,0.0,0.0,0.0,0.0,0.0
2739,0.0,54,Female,bachelor's degree,single,Central,Corporate Employee,0.4847758122165838,0.0,0.0,0.5152241877834163,0.0,0.0,0.0,0.0,0.0,0.0
2748,0.0,35,Female,others,married,Central,Corporate Employee,0.2297037006680054,0.0,0.0880291791320027,0.6822671201999918,0.0,0.0,0.0,0.0,0.0,0.0
2751,0.0,26,Female,bachelor's degree,single,Central,Corporate Employee,0.3656361770550974,0.0,0.3489841457729165,0.285379677171986,0.0,0.0,0.0,0.0,0.0,0.0
2760,0.0,54,Female,others,married,Central,Entrepreneur,0.0,0.0071750128178151,0.0,0.0,0.9928249871821848,0.0,0.0,0.0,0.0,0.0
2762,0.0,35,Female,less than high school,single,Central,Freelancer,0.0,0.0,0.3112519079625483,0.0495634287980042,0.0,0.0,0.0,0.0,0.0,0.6391846632394473
2763,Unknown,39,Female,Unknown,Unknown,Unknown,Freelancer,0.0,0.0,1.0,0.0,0.0,0.0,0.0,0.0,0.0,0.0
2764,0.0,36,Female,master's degree,married,Central,Corporate Employee,1.0,0.0,0.0,0.0,0.0,0.0,0.0,0.0,0.0,0.0
2769,0.0,40,Female,bachelor's degree,married,Central,Corporate Employee,0.9917491015062192,0.0082508984937809,0.0,0.0,0.0,0.0,0.0,0.0,0.0,0.0
2771,3.0,48,Male,high school,married,Central,Freelancer,0.0,0.8800982052794853,0.1199017947205146,0.0,0.0,0.0,0.0,0.0,0.0,0.0
2773,0.0,44,Male,Unknown,single,Eastern,Corporate Employee,0.0,1.0,0.0,0.0,0.0,0.0,0.0,0.0,0.0,0.0
2774,0.0,42,Female,high school,single,Western,Entrepreneur,0.0,0.0,0.5531346996944407,0.0,0.4468653003055592,0.0,0.0,0.0,0.0,0.0
2776,1.0,51,Female,high school,married,Eastern,Homemaker,0.9569927459949852,0.0430072540050146,0.0,0.0,0.0,0.0,0.0,0.0,0.0,0.0
2778,0.0,27,Male,vocational certificate,single,Northeastern,Corporate Employee,0.0,0.0,0.0,0.0,0.0,0.0,1.0,0.0,0.0,0.0
2781,0.0,35,Female,bachelor's degree,single,Southern,Corporate Employee,0.0,0.0,0.0706654902498494,0.0,0.0,0.0,0.0068930672882598,0.0,0.0,0.9224414424618906
2782,0.0,32,Male,Unknown,Unknown,Southern,Homemaker,0.0,0.0,1.0,0.0,0.0,0.0,0.0,0.0,0.0,0.0
2784,0.0,41,Female,bachelor's degree,married,Northeastern,Entrepreneur,0.3805151721403529,0.4152567270767469,0.2042281007829001,0.0,0.0,0.0,0.0,0.0,0.0,0.0
2785,1.0,59,Female,less than high school,married,Central,Entrepreneur,0.0,1.0,0.0,0.0,0.0,0.0,0.0,0.0,0.0,0.0
2791,0.0,39,Male,bachelor's degree,married,Northern,Professional,0.8116455941437924,0.1865605543718627,0.0017938514843448,0.0,0.0,0.0,0.0,0.0,0.0,0.0
2793,0.0,56,Male,master's degree,married,Central,Professional,1.0,0.0,0.0,0.0,0.0,0.0,0.0,0.0,0.0,0.0
2794,0.0,48,Male,bachelor's degree,married,Central,Corporate Employee,0.9333333333333332,0.0,0.0666666666666666,0.0,0.0,0.0,0.0,0.0,0.0,0.0
2797,0.0,27,Female,high school,single,Eastern,Corporate Employee,0.0,0.0,1.0,0.0,0.0,0.0,0.0,0.0,0.0,0.0
2810,0.0,56,Female,master's degree,single,Northeastern,Corporate Employee,0.7379081579318885,0.0,0.2101476529740203,0.0,0.0,0.0,0.0,0.0428916748121333,0.0090525142819578,0.0
2814,0.0,47,Male,others,married,Eastern,Corporate Employee,0.0,0.5328035228953797,0.4671964771046203,0.0,0.0,0.0,0.0,0.0,0.0,0.0
2815,0.0,22,Female,Unknown,single,Central,Student,0.0,0.4601545225718792,0.0,0.4480498901731367,0.0,0.0,0.0917955872549841,0.0,0.0,0.0
2817,0.0,27,Female,Unknown,single,Central,Corporate Employee,1.0,0.0,0.0,0.0,0.0,0.0,0.0,0.0,0.0,0.0
2821,0.0,47,Male,bachelor's degree,married,Central,Corporate Employee,0.8255304816436511,0.0,0.0,0.0,0.0,0.0,0.1744695183563489,0.0,0.0,0.0
2824,0.0,58,Male,bachelor's degree,married,Southern,Agriculture/Trade,0.0,0.0,0.0,1.0,0.0,0.0,0.0,0.0,0.0,0.0
2825,0.0,29,Male,Unknown,single,Northern,Corporate Employee,0.4398910829678571,0.0,0.3211512829423435,0.2389576340897994,0.0,0.0,0.0,0.0,0.0,0.0
2827,0.0,32,Female,less than high school,single,Northeastern,Corporate Employee,0.0,0.0,0.0,1.0,0.0,0.0,0.0,0.0,0.0,0.0
2832,0.0,40,Female,Unknown,single,Central,Corporate Employee,0.113464582729482,0.0,0.0,0.0,0.886535417270518,0.0,0.0,0.0,0.0,0.0
2837,0.0,31,Female,Unknown,single,Eastern,Corporate Employee,1.0,0.0,0.0,0.0,0.0,0.0,0.0,0.0,0.0,0.0
2840,0.0,26,Male,others,married,Central,Corporate Employee,0.0,0.0,0.0,1.0,0.0,0.0,0.0,0.0,0.0,0.0
2842,0.0,50,Male,high school,married,Northern,Corporate Employee,0.9226372796656016,0.0773627203343984,0.0,0.0,0.0,0.0,0.0,0.0,0.0,0.0
2846,0.0,33,Female,bachelor's degree,single,Central,Corporate Employee,0.0,0.395751953125,0.0,0.0,0.0,0.0,0.0,0.0,0.604248046875,0.0
2847,0.0,38,Male,high school,single,Southern,Freelancer,0.0,0.0,1.0,0.0,0.0,0.0,0.0,0.0,0.0,0.0
2848,1.0,51,Female,master's degree,married,Central,Corporate Employee,0.0,0.0,0.2100840336134453,0.0,0.0896358543417367,0.0,0.0,0.7002801120448179,0.0,0.0
2849,0.0,37,Female,vocational certificate,married,Southern,Entrepreneur,0.0,0.1749742702492291,0.1855559231471638,0.0,0.6394698066036072,0.0,0.0,0.0,0.0,0.0
2854,0.0,20,Female,Unknown,single,Northeastern,Corporate Employee,0.0,0.3662335114990437,0.4587064188692198,0.1750600696317363,0.0,0.0,0.0,0.0,0.0,0.0
2855,0.0,47,Female,bachelor's degree,single,Central,Corporate Employee,0.0,0.0,0.2648574862987184,0.2253325998818328,0.2743923558054723,0.0,0.0,0.0,0.2354175580139763,0.0
2857,0.0,41,Male,others,married,Northeastern,Entrepreneur,0.0,0.0,1.0,0.0,0.0,0.0,0.0,0.0,0.0,0.0
2867,0.0,53,Male,bachelor's degree,married,Northern,Corporate Employee,1.0,0.0,0.0,0.0,0.0,0.0,0.0,0.0,0.0,0.0
2868,0.0,55,Male,master's degree,married,Central,Entrepreneur,0.0,0.3603026734090553,0.3480528487193174,0.2836597313132783,0.0,0.0079847465583488,0.0,0.0,0.0,0.0
2874,0.0,61,Male,bachelor's degree,single,Eastern,Corporate Employee,0.0,1.0,0.0,0.0,0.0,0.0,0.0,0.0,0.0,0.0
2875,0.0,32,Male,high school,Unknown,Central,Corporate Employee,1.0,0.0,0.0,0.0,0.0,0.0,0.0,0.0,0.0,0.0
2878,0.0,43,Male,bachelor's degree,married,Central,Corporate Employee,0.1303224840135523,0.0,0.4719145253919126,0.3977629905945351,0.0,0.0,0.0,0.0,0.0,0.0
2880,0.0,42,Female,bachelor's degree,widow,Central,Corporate Employee,0.6302168051942576,0.0,0.1813510922497533,0.1840906135546713,0.0,0.0,0.0043414890013176,0.0,0.0,0.0
2881,0.0,30,Male,Unknown,married,Central,Freelancer,0.0,0.0,0.5,0.5,0.0,0.0,0.0,0.0,0.0,0.0
2883,0.0,43,Female,high school,single,Western,Freelancer,0.5425867507886435,0.0,0.4127234490010515,0.0446898002103049,0.0,0.0,0.0,0.0,0.0,0.0
2884,0.0,26,Female,Unknown,single,Eastern,Entrepreneur,0.0,0.0,0.0,0.0,1.0,0.0,0.0,0.0,0.0,0.0
2885,0.0,28,Male,high school,single,Central,Corporate Employee,0.0,0.0,0.0,1.0,0.0,0.0,0.0,0.0,0.0,0.0
2888,0.0,28,Female,Unknown,single,Central,Corporate Employee,0.6578677640119134,0.0,0.2087954079246683,0.0901585181976573,0.0,0.0,0.0,0.0,0.0431783098657609,0.0
2892,0.0,36,Female,Unknown,single,Northern,Unemployed,0.0,0.0,0.0,0.0,1.0,0.0,0.0,0.0,0.0,0.0
2898,0.0,51,Male,bachelor's degree,married,Central,Corporate Employee,0.7900980398796342,0.2099019601203658,0.0,0.0,0.0,0.0,0.0,0.0,0.0,0.0
2901,0.0,42,Female,others,single,Eastern,Entrepreneur,0.0,0.0,1.0,0.0,0.0,0.0,0.0,0.0,0.0,0.0
2903,1.0,73,Male,master's degree,married,Central,Unemployed,0.0,0.0661691769422643,0.0,0.0,0.0,0.6225538820384905,0.3112769410192452,0.0,0.0,0.0
2905,0.0,45,Male,vocational certificate,married,Northeastern,Entrepreneur,0.0,0.1282051282051282,0.0,0.0,0.0,0.8717948717948718,0.0,0.0,0.0,0.0
2909,0.0,37,Male,others,married,Northeastern,Unemployed,0.0,0.1064768854744045,0.029669382206322,0.0,0.0,0.0,0.8638537323192734,0.0,0.0,0.0
2910,0.0,31,Male,bachelor's degree,single,Central,Freelancer,0.0,0.0,0.9051708851488356,0.0948291148511645,0.0,0.0,0.0,0.0,0.0,0.0
2913,0.0,22,Male,Unknown,single,Central,Corporate Employee,0.0,0.0,0.0,1.0,0.0,0.0,0.0,0.0,0.0,0.0
2915,0.0,53,Male,high school,single,Central,Corporate Employee,0.1267826347163927,0.1263888998259691,0.1729598626652702,0.0,0.573868602792368,0.0,0.0,0.0,0.0,0.0
2919,0.0,72,Male,bachelor's degree,married,Northeastern,Unemployed,1.0,0.0,0.0,0.0,0.0,0.0,0.0,0.0,0.0,0.0
2924,0.0,36,Male,vocational certificate,single,Central,Freelancer,0.0,0.0,0.0,1.0,0.0,0.0,0.0,0.0,0.0,0.0
2925,0.0,58,Male,high school,married,Central,Entrepreneur,0.0,0.0,0.0,0.0,1.0,0.0,0.0,0.0,0.0,0.0
2931,1.0,50,Female,high school,divorce,Eastern,Entrepreneur,0.314247010423398,0.0806344050589213,0.0154323563270039,0.47585193839254,0.1138342897981367,0.0,0.0,0.0,0.0,0.0
2932,0.0,30,Male,bachelor's degree,single,Central,Student,0.0,0.0,0.0,0.0,1.0,0.0,0.0,0.0,0.0,0.0
2934,0.0,38,Female,bachelor's degree,single,Western,Corporate Employee,0.1397319382496618,0.0,0.8602680617503382,0.0,0.0,0.0,0.0,0.0,0.0,0.0
2935,0.0,26,Female,others,single,Eastern,Student,0.0,0.0,0.5,0.5,0.0,0.0,0.0,0.0,0.0,0.0
2938,0.0,47,Female,master's degree,married,Eastern,Entrepreneur,0.7241188816334254,0.2758811183665746,0.0,0.0,0.0,0.0,0.0,0.0,0.0,0.0
2940,0.0,38,Male,bachelor's degree,married,Eastern,Corporate Employee,0.3325743186246052,0.0,0.0375749855805992,0.0,0.0,0.4199004638631969,0.2099502319315984,0.0,0.0,0.0
2943,2.0,65,Female,less than high school,married,Central,Corporate Employee,0.9188208640591404,0.0811791359408594,0.0,0.0,0.0,0.0,0.0,0.0,0.0,0.0
2945,0.0,33,Male,high school,single,Western,Student,0.0,0.5452414794205704,0.0997973810747875,0.1508301327607585,0.0,0.0,0.0,0.0,0.2041310067438836,0.0
2946,0.0,56,Female,less than high school,single,Northeastern,Freelancer,0.0,0.0,0.0,1.0,0.0,0.0,0.0,0.0,0.0,0.0
2947,0.0,33,Female,vocational certificate,single,Northeastern,Corporate Employee,0.0,0.0,0.0,0.0,1.0,0.0,0.0,0.0,0.0,0.0
2948,0.0,34,Male,Unknown,single,Central,Corporate Employee,1.0,0.0,0.0,0.0,0.0,0.0,0.0,0.0,0.0,0.0
2950,0.0,31,Female,less than high school,married,Central,Corporate Employee,0.0,0.0,1.0,0.0,0.0,0.0,0.0,0.0,0.0,0.0
2954,0.0,30,Female,bachelor's degree,married,Eastern,Corporate Employee,0.0,0.0,1.0,0.0,0.0,0.0,0.0,0.0,0.0,0.0
2955,0.0,27,Female,others,single,Southern,Corporate Employee,0.5928827946457721,0.0,0.4071172053542279,0.0,0.0,0.0,0.0,0.0,0.0,0.0
2957,0.0,30,Female,high school,single,Southern,Entrepreneur,0.0,0.5012712102483425,0.3646512248567254,0.0452333127317676,0.0,0.0,0.0888442521631644,0.0,0.0,0.0
2959,0.0,31,Female,bachelor's degree,married,Central,Corporate Employee,1.0,0.0,0.0,0.0,0.0,0.0,0.0,0.0,0.0,0.0
2961,0.0,33,Female,high school,single,Eastern,Corporate Employee,0.6157179099797612,0.0805222200051309,0.2353467689062455,0.0,0.0,0.0684131011088623,0.0,0.0,0.0,0.0
2962,0.0,47,Female,bachelor's degree,single,Northeastern,Corporate Employee,1.0,0.0,0.0,0.0,0.0,0.0,0.0,0.0,0.0,0.0
2963,0.0,42,Female,bachelor's degree,married,Central,Entrepreneur,0.0,0.0,0.0,0.0,1.0,0.0,0.0,0.0,0.0,0.0
2968,0.0,59,Male,less than high school,married,Southern,Freelancer,0.0,0.0,0.0,0.0476190476190476,0.0,0.9523809523809524,0.0,0.0,0.0,0.0
2969,0.0,36,Male,bachelor's degree,single,Western,Corporate Employee,0.6618619065582366,0.0,0.0269791941997298,0.0032162894797395,0.3079426097622939,0.0,0.0,0.0,0.0,0.0
2970,0.0,57,Male,bachelor's degree,married,Central,Entrepreneur,0.0,1.0,0.0,0.0,0.0,0.0,0.0,0.0,0.0,0.0
2977,0.0,56,Male,bachelor's degree,married,Central,Entrepreneur,0.0,0.0,0.0,1.0,0.0,0.0,0.0,0.0,0.0,0.0
2979,1.0,48,Female,high school,married,Central,Entrepreneur,0.0,0.0,0.0,1.0,0.0,0.0,0.0,0.0,0.0,0.0
2983,0.0,53,Male,others,married,Central,Corporate Employee,0.5285446954933506,0.2828968289560588,0.0509617501488083,0.0,0.0,0.0,0.0,0.1375967254017824,0.0,0.0
2984,0.0,59,Female,vocational certificate,single,Central,Entrepreneur,0.0,0.285463031458985,0.5949963903421599,0.119540578198855,0.0,0.0,0.0,0.0,0.0,0.0
2985,0.0,27,Male,high school,single,Central,Student,0.0,0.0,0.0,0.0,0.0,0.0,1.0,0.0,0.0,0.0
2991,0.0,24,Male,others,others,Central,Student,0.0,0.2292419054766036,0.7707580945233964,0.0,0.0,0.0,0.0,0.0,0.0,0.0
3006,0.0,45,Female,vocational certificate,married,Western,Corporate Employee,0.0,0.0,1.0,0.0,0.0,0.0,0.0,0.0,0.0,0.0
3007,0.0,53,Male,others,married,Central,Entrepreneur,0.0,0.0359535930478573,0.0,0.0,0.0,0.0,0.0,0.0,0.0,0.9640464069521428
3010,0.0,26,Male,vocational certificate,single,Western,Corporate Employee,0.0,0.0,0.0,0.0,1.0,0.0,0.0,0.0,0.0,0.0
3014,0.0,25,Female,less than high school,single,Southern,Student,0.0,1.0,0.0,0.0,0.0,0.0,0.0,0.0,0.0,0.0
3015,0.0,20,Female,Unknown,single,Western,Corporate Employee,0.0,0.0,0.6405693950177936,0.3594306049822064,0.0,0.0,0.0,0.0,0.0,0.0
3017,2.0,49,Female,others,single,Northeastern,Corporate Employee,0.6413971168328193,0.0,0.0,0.0,0.0,0.0,0.0,0.3586028831671806,0.0,0.0
3018,0.0,29,Female,high school,single,Central,Corporate Employee,0.0,0.1105380006121693,0.8016130261080866,0.0255293326685905,0.0,0.0323794808322829,0.0,0.0,0.0299401597788705,0.0
3019,0.0,39,Female,vocational certificate,single,Northeastern,Student,0.0,0.3057373525056131,0.6942626474943868,0.0,0.0,0.0,0.0,0.0,0.0,0.0
3020,0.0,45,Female,bachelor's degree,married,Northeastern,Entrepreneur,0.0,1.0,0.0,0.0,0.0,0.0,0.0,0.0,0.0,0.0
3022,0.0,51,Female,others,single,Northeastern,Corporate Employee,0.0,0.4162808611956208,0.5837191388043791,0.0,0.0,0.0,0.0,0.0,0.0,0.0
3023,0.0,27,Female,others,single,Central,Corporate Employee,0.0,0.0,1.0,0.0,0.0,0.0,0.0,0.0,0.0,0.0
3024,0.0,52,Female,Unknown,married,Northeastern,Entrepreneur,0.0,0.0,0.506749079670954,0.493250920329046,0.0,0.0,0.0,0.0,0.0,0.0
3025,0.0,62,Female,bachelor's degree,married,Southern,Professional,1.0,0.0,0.0,0.0,0.0,0.0,0.0,0.0,0.0,0.0
3026,0.0,39,Female,bachelor's degree,single,Northeastern,Corporate Employee,0.0,0.7542067514489512,0.0,0.2457932485510488,0.0,0.0,0.0,0.0,0.0,0.0
3028,0.0,31,Female,bachelor's degree,single,Southern,Corporate Employee,0.0,0.0778809782215835,0.4713831920547678,0.0015164972149528,0.0,0.1557695389292417,0.2934497935794541,0.0,0.0,0.0
3031,0.0,48,Male,bachelor's degree,single,Northeastern,Student,1.0,0.0,0.0,0.0,0.0,0.0,0.0,0.0,0.0,0.0
3035,0.0,43,Female,less than high school,single,Central,Homemaker,0.0,0.6690311557968747,0.0,0.0,0.3309688442031254,0.0,0.0,0.0,0.0,0.0
3036,0.0,32,Male,high school,single,Southern,Corporate Employee,0.0,0.357401457420902,0.642598542579098,0.0,0.0,0.0,0.0,0.0,0.0,0.0
3038,0.0,43,Female,bachelor's degree,single,Central,Corporate Employee,0.150381367147085,0.2584193514753414,0.3860790965889496,0.1955960315359752,0.0,0.0,0.0095241532526487,0.0,0.0,0.0
3042,0.0,52,Male,bachelor's degree,single,Central,Corporate Employee,1.0,0.0,0.0,0.0,0.0,0.0,0.0,0.0,0.0,0.0
3048,0.0,53,Male,high school,married,Central,Corporate Employee,0.0,0.0,0.0,1.0,0.0,0.0,0.0,0.0,0.0,0.0
3050,0.0,35,Female,high school,single,Southern,Freelancer,0.0,1.0,0.0,0.0,0.0,0.0,0.0,0.0,0.0,0.0
3053,0.0,25,Female,less than high school,single,Eastern,Student,1.0,0.0,0.0,0.0,0.0,0.0,0.0,0.0,0.0,0.0
3054,0.0,20,Male,Unknown,single,Southern,Student,0.0,0.0,0.0,0.0,0.0,1.0,0.0,0.0,0.0,0.0
3057,0.0,49,Male,high school,married,Central,Corporate Employee,1.0,0.0,0.0,0.0,0.0,0.0,0.0,0.0,0.0,0.0
3061,1.0,51,Male,less than high school,married,Western,Corporate Employee,0.0,0.0732034470091432,0.0,0.9267965529908568,0.0,0.0,0.0,0.0,0.0,0.0
3067,0.0,26,Female,Unknown,single,Central,Student,0.0,0.0313741688143205,0.0,0.0,0.8784534565107363,0.0,0.0,0.0,0.0,0.0901723746749431
3070,0.0,26,Male,Unknown,single,Central,Freelancer,0.0,0.0924214417744916,0.2144177449168207,0.6931608133086876,0.0,0.0,0.0,0.0,0.0,0.0
3071,0.0,35,Male,Unknown,single,Northern,Corporate Employee,0.8694951414308072,0.0,0.0652524292845963,0.0652524292845963,0.0,0.0,0.0,0.0,0.0,0.0
3075,0.0,39,Male,bachelor's degree,single,Northern,Corporate Employee,0.7078186698698952,0.0442999128068553,0.0,0.1003643145591477,0.0,0.1211747629847978,0.0263423397793038,0.0,0.0,0.0
3078,0.0,23,Male,high school,single,Central,Student,0.0,0.0,0.0,1.0,0.0,0.0,0.0,0.0,0.0,0.0
3082,0.0,47,Female,others,single,Central,Corporate Employee,0.0,0.0,0.0,1.0,0.0,0.0,0.0,0.0,0.0,0.0
3085,0.0,22,Male,less than high school,single,Central,Student,1.0,0.0,0.0,0.0,0.0,0.0,0.0,0.0,0.0,0.0
3086,0.0,33,Male,high school,single,Central,Entrepreneur,0.0,1.0,0.0,0.0,0.0,0.0,0.0,0.0,0.0,0.0
3090,0.0,47,Male,bachelor's degree,married,Central,Corporate Employee,0.0,1.0,0.0,0.0,0.0,0.0,0.0,0.0,0.0,0.0
3091,0.0,37,Female,others,married,Central,Entrepreneur,0.0,1.0,0.0,0.0,0.0,0.0,0.0,0.0,0.0,0.0
3095,0.0,21,Male,others,single,Central,Student,0.0,0.0,0.4615959079920991,0.4615959079920991,0.0768081840158017,0.0,0.0,0.0,0.0,0.0
3097,0.0,28,Male,others,single,Central,Corporate Employee,0.0,0.0,0.0,0.0,0.0,0.0,1.0,0.0,0.0,0.0
3098,0.0,37,Male,Unknown,Unknown,Northeastern,Freelancer,0.0,0.0,0.0,1.0,0.0,0.0,0.0,0.0,0.0,0.0
3099,0.0,28,Female,others,single,Southern,Student,0.6106870229007634,0.0,0.3893129770992366,0.0,0.0,0.0,0.0,0.0,0.0,0.0
3100,0.0,24,Male,vocational certificate,single,Northern,Student,0.0,0.0157072729147406,0.5400374099193956,0.3982356405502089,0.0372817633342013,0.0,0.0087379132814534,0.0,0.0,0.0
3105,0.0,36,Female,high school,single,Southern,Freelancer,0.0,0.0,0.8512133805346057,0.0442018604247325,0.0,0.0,0.1045847590406617,0.0,0.0,0.0
3106,0.0,33,Male,others,single,Central,Corporate Employee,0.4184086149866182,0.0,0.0191798761670475,0.0,0.5370365326773304,0.0,0.0,0.0,0.0253749761690038,0.0
3109,0.0,37,Female,high school,married,Central,Corporate Employee,1.0,0.0,0.0,0.0,0.0,0.0,0.0,0.0,0.0,0.0
3112,0.0,26,Male,high school,single,Northeastern,Freelancer,0.0,0.4918336236933798,0.0,0.5081663763066202,0.0,0.0,0.0,0.0,0.0,0.0
3116,0.0,28,Female,vocational certificate,single,Eastern,Corporate Employee,0.0,0.0,0.6142494704745944,0.3857505295254055,0.0,0.0,0.0,0.0,0.0,0.0
3117,0.0,28,Female,Unknown,single,Eastern,Corporate Employee,0.9366778581958696,0.0,0.0633221418041305,0.0,0.0,0.0,0.0,0.0,0.0,0.0
3118,0.0,36,Female,others,married,Central,Corporate Employee,1.0,0.0,0.0,0.0,0.0,0.0,0.0,0.0,0.0,0.0
3119,0.0,48,Female,bachelor's degree,married,Central,Corporate Employee,1.0,0.0,0.0,0.0,0.0,0.0,0.0,0.0,0.0,0.0
3121,0.0,31,Female,bachelor's degree,married,Central,Corporate Employee,0.0,0.9915356711003628,0.0084643288996372,0.0,0.0,0.0,0.0,0.0,0.0,0.0
3123,0.0,40,Female,vocational certificate,single,Central,Corporate Employee,0.0,0.0,0.5172243283336081,0.4827756716663919,0.0,0.0,0.0,0.0,0.0,0.0
3125,0.0,28,Female,bachelor's degree,single,Central,Corporate Employee,0.909865417578874,0.0,0.0901345824211258,0.0,0.0,0.0,0.0,0.0,0.0,0.0
3127,1.0,45,Female,bachelor's degree,married,Northeastern,Entrepreneur,0.2423534506562414,0.0,0.5162863505344688,0.0,0.0,0.0,0.0,0.0,0.0,0.2413601988092896
3129,0.0,24,Female,high school,single,Central,Student,0.0,0.0,0.7721353362347325,0.2143871964060087,0.0,0.0,0.0134774673592587,0.0,0.0,0.0
3136,0.0,54,Female,others,married,Northern,Professional,0.0,0.1935253015497118,0.1819057161073738,0.6245689823429144,0.0,0.0,0.0,0.0,0.0,0.0
3137,0.0,39,Female,bachelor's degree,divorce,Central,Freelancer,1.0,0.0,0.0,0.0,0.0,0.0,0.0,0.0,0.0,0.0
3142,0.0,35,Female,bachelor's degree,single,Central,Unemployed,1.0,0.0,0.0,0.0,0.0,0.0,0.0,0.0,0.0,0.0
3143,0.0,51,Female,vocational certificate,single,Southern,Entrepreneur,0.0,0.0,0.0,0.0,0.0,0.0,1.0,0.0,0.0,0.0
3144,0.0,22,Female,Unknown,single,Central,Student,0.8152302700422358,0.0,0.1047186119364369,0.012524080015688,0.0,0.0294975042474758,0.0,0.0,0.0380295337581633,0.0
3145,0.0,27,Female,others,single,Central,Corporate Employee,0.9235699561968564,0.0764300438031435,0.0,0.0,0.0,0.0,0.0,0.0,0.0,0.0
3148,0.0,49,Male,others,married,Northeastern,Entrepreneur,0.0,1.0,0.0,0.0,0.0,0.0,0.0,0.0,0.0,0.0
3149,0.0,28,Female,bachelor's degree,single,Central,Corporate Employee,0.2605071205279611,0.0,0.3697464397360194,0.3697464397360194,0.0,0.0,0.0,0.0,0.0,0.0
3150,0.0,32,Female,high school,single,Eastern,Corporate Employee,0.4531672082770084,0.0181590897864721,0.3871810779125849,0.1414926240239344,0.0,0.0,0.0,0.0,0.0,0.0
3151,0.0,34,Female,bachelor's degree,single,Central,Corporate Employee,0.5861151317462477,0.1873547244868363,0.1276981210919082,0.0314777930355726,0.0,0.0,0.0,0.0,0.0673542296394349,0.0
3152,0.0,27,Female,bachelor's degree,single,Central,Corporate Employee,1.0,0.0,0.0,0.0,0.0,0.0,0.0,0.0,0.0,0.0
3153,1.0,53,Female,bachelor's degree,single,Central,Corporate Employee,0.0,0.0,0.4236634631984807,0.4293031018012315,0.0,0.0,0.0607124359785923,0.0,0.0,0.0863209990216953
3159,0.0,21,Female,others,others,Central,Student,0.0,0.0,0.0,0.0,0.0,0.0994854202401372,0.8833619210977701,0.0,0.0,0.0171526586620926
3164,0.0,66,Female,less than high school,single,Central,Corporate Employee,0.0,1.0,0.0,0.0,0.0,0.0,0.0,0.0,0.0,0.0
3165,0.0,43,Female,high school,married,Central,Corporate Employee,0.0,0.0,1.0,0.0,0.0,0.0,0.0,0.0,0.0,0.0
3171,0.0,48,Female,less than high school,widow,Central,Entrepreneur,0.4109321181081103,0.0,0.5890678818918897,0.0,0.0,0.0,0.0,0.0,0.0,0.0
3175,0.0,37,Male,bachelor's degree,married,Southern,Entrepreneur,0.0,1.0,0.0,0.0,0.0,0.0,0.0,0.0,0.0,0.0
3177,0.0,42,Female,high school,single,Central,Entrepreneur,0.0,1.0,0.0,0.0,0.0,0.0,0.0,0.0,0.0,0.0
3178,0.0,38,Female,master's degree,married,Central,Corporate Employee,0.0,0.0,0.6961162019003224,0.3038837980996776,0.0,0.0,0.0,0.0,0.0,0.0
3182,0.0,52,Male,bachelor's degree,married,Southern,Corporate Employee,0.0,0.0,0.0,1.0,0.0,0.0,0.0,0.0,0.0,0.0
3186,0.0,37,Male,bachelor's degree,married,Central,Corporate Employee,0.4378759164742932,0.3508051662352129,0.0648640190937253,0.0418025541594125,0.0,0.0697682293582373,0.0348841146791186,0.0,0.0,0.0
3187,1.0,56,Male,bachelor's degree,married,Eastern,Corporate Employee,0.3605019629331882,0.1528203871070078,0.0,0.0,0.0,0.0,0.486677649959804,0.0,0.0,0.0
3189,0.0,32,Female,bachelor's degree,single,Central,Professional,0.0,0.0,0.5,0.5,0.0,0.0,0.0,0.0,0.0,0.0
3197,0.0,47,Male,master's degree,single,Central,Corporate Employee,0.5387744886722099,0.0034746040368823,0.0,0.0,0.4577509072909077,0.0,0.0,0.0,0.0,0.0
3198,0.0,29,Female,vocational certificate,single,Southern,Corporate Employee,0.0,0.1306761407793938,0.0,0.0,0.8571111357832797,0.0,0.0,0.0,0.0122127234373265,0.0
3200,0.0,41,Female,others,married,Eastern,Corporate Employee,0.0,0.0,0.0,0.0,0.0,0.0,0.0,1.0,0.0,0.0
3210,0.0,50,Male,bachelor's degree,married,Southern,Corporate Employee,0.9029279503178232,0.0,0.0,0.0,0.0,0.0,0.0970720496821767,0.0,0.0,0.0
3218,0.0,22,Female,Unknown,single,Central,Student,0.0,0.0,0.3103448275862069,0.6896551724137931,0.0,0.0,0.0,0.0,0.0,0.0
3222,0.0,24,Female,less than high school,single,Western,Corporate Employee,0.9271237357992502,0.0,0.0728762642007498,0.0,0.0,0.0,0.0,0.0,0.0,0.0
3223,2.0,59,Female,bachelor's degree,single,Central,Corporate Employee,0.7575958867812812,0.0,0.1212020566093594,0.1212020566093594,0.0,0.0,0.0,0.0,0.0,0.0
3226,0.0,23,Male,bachelor's degree,single,Central,Student,0.0,0.0,0.0,1.0,0.0,0.0,0.0,0.0,0.0,0.0
3227,0.0,42,Male,vocational certificate,single,Central,Corporate Employee,0.0,0.0,0.9364729932795915,0.0635270067204084,0.0,0.0,0.0,0.0,0.0,0.0
3228,0.0,27,Male,Unknown,single,Central,Unemployed,0.0,0.9176416609314064,0.0,0.0,0.0,0.0,0.0,0.0,0.0823583390685937,0.0
3232,0.0,36,Female,bachelor's degree,married,Central,Corporate Employee,1.0,0.0,0.0,0.0,0.0,0.0,0.0,0.0,0.0,0.0
3234,0.0,43,Female,vocational certificate,married,Northern,Freelancer,0.144211249906018,0.5163797084948928,0.0,0.0,0.0,0.0,0.3394090415990892,0.0,0.0,0.0
3235,0.0,40,Female,high school,married,Eastern,Entrepreneur,0.0,0.8102214715427096,0.1897785284572903,0.0,0.0,0.0,0.0,0.0,0.0,0.0
3236,0.0,29,Male,others,single,Northern,Professional,0.6728019428439688,0.1250985196169799,0.0586135549707225,0.0,0.1434859825683287,0.0,0.0,0.0,0.0,0.0
3239,0.0,22,Male,Unknown,single,Southern,Student,0.0,0.0,0.0493237867939538,0.0,0.0,0.0,0.950676213206046,0.0,0.0,0.0
3240,0.0,33,Male,vocational certificate,single,Central,Entrepreneur,0.0,0.326152064265954,0.2458047526441621,0.2739050645046427,0.0,0.0,0.1541381185852412,0.0,0.0,0.0
3244,0.0,41,Male,bachelor's degree,married,Central,Corporate Employee,0.9029057576579672,0.0970942423420329,0.0,0.0,0.0,0.0,0.0,0.0,0.0,0.0
3250,0.0,44,Female,bachelor's degree,single,Central,Unemployed,0.0,0.0,0.0,0.0,1.0,0.0,0.0,0.0,0.0,0.0
3255,1.0,37,Female,high school,married,Central,Homemaker,0.0,0.0,0.0,1.0,0.0,0.0,0.0,0.0,0.0,0.0
3260,0.0,35,Female,vocational certificate,married,Central,Entrepreneur,0.0,0.0,1.0,0.0,0.0,0.0,0.0,0.0,0.0,0.0
3262,0.0,34,Female,high school,single,Central,Freelancer,0.0,0.0,1.0,0.0,0.0,0.0,0.0,0.0,0.0,0.0
3265,0.0,23,Female,others,single,Northeastern,Student,0.9318237533579092,0.0,0.0504409369850145,0.0177353096570763,0.0,0.0,0.0,0.0,0.0,0.0
3267,0.0,29,Female,bachelor's degree,single,Central,Corporate Employee,0.0,0.0,0.0,0.0,0.0,1.0,0.0,0.0,0.0,0.0
3270,0.0,41,Female,bachelor's degree,single,Central,Corporate Employee,0.8820341208323048,0.0318510100242304,0.0194997389261473,0.0194997389261473,0.0,0.01796753107928,0.0267657558249634,0.0,0.0023821043869265,0.0
3275,0.0,55,Female,bachelor's degree,married,Central,Corporate Employee,1.0,0.0,0.0,0.0,0.0,0.0,0.0,0.0,0.0,0.0
3277,0.0,26,Female,bachelor's degree,single,Central,Student,1.0,0.0,0.0,0.0,0.0,0.0,0.0,0.0,0.0,0.0
3279,0.0,30,Male,bachelor's degree,single,Central,Corporate Employee,0.961524672398775,0.0,0.0384753276012248,0.0,0.0,0.0,0.0,0.0,0.0,0.0
3280,0.0,24,Male,others,others,Central,Student,0.0,0.0047648750987154,0.0303925413808923,0.0,0.964842583520392,0.0,0.0,0.0,0.0,0.0
3283,0.0,61,Male,bachelor's degree,married,Central,Entrepreneur,0.0,0.4899188689854606,0.0,0.0,0.4245894678861182,0.0,0.0309835557646626,0.0,0.0545081073637584,0.0
3285,0.0,29,Male,bachelor's degree,single,Southern,Professional,0.0,1.0,0.0,0.0,0.0,0.0,0.0,0.0,0.0,0.0
3287,0.0,32,Female,vocational certificate,single,Central,Corporate Employee,0.0,1.0,0.0,0.0,0.0,0.0,0.0,0.0,0.0,0.0
3288,0.0,25,Female,Unknown,single,Southern,Freelancer,0.3379910324264797,0.0,0.3351626226213257,0.3268463449521945,0.0,0.0,0.0,0.0,0.0,0.0
3290,0.0,25,Male,high school,single,Central,Corporate Employee,0.5794481010194261,0.0,0.3431389177745451,0.0774129812060287,0.0,0.0,0.0,0.0,0.0,0.0
3293,0.0,56,Female,high school,widow,Central,Freelancer,0.0,0.0,0.0,1.0,0.0,0.0,0.0,0.0,0.0,0.0
3295,0.0,26,Female,Unknown,single,Central,Corporate Employee,0.1974390547188237,0.0,0.4883568582017578,0.3142040870794184,0.0,0.0,0.0,0.0,0.0,0.0
3296,0.0,31,Male,bachelor's degree,single,Central,Student,0.0,0.0,0.944733112895607,0.0,0.0,0.0,0.0,0.055266887104393,0.0,0.0
3297,0.0,46,Female,Unknown,married,Eastern,Corporate Employee,1.0,0.0,0.0,0.0,0.0,0.0,0.0,0.0,0.0,0.0
3298,0.0,52,Female,high school,single,Central,Entrepreneur,0.0,0.0400687756747346,0.0,0.9385326792386248,0.0,0.0,0.0,0.0,0.0213985450866406,0.0
3300,0.0,35,Female,bachelor's degree,single,Southern,Corporate Employee,0.0,0.0,0.5,0.5,0.0,0.0,0.0,0.0,0.0,0.0
3301,0.0,39,Female,high school,single,Central,Unemployed,0.0,0.0,0.0,0.6101095146578811,0.0,0.1883865653884872,0.1538543668588511,0.0,0.0323968152283334,0.015252737866447
3302,0.0,52,Female,high school,married,Eastern,Corporate Employee,1.0,0.0,0.0,0.0,0.0,0.0,0.0,0.0,0.0,0.0
3310,0.0,50,Female,master's degree,single,Central,Corporate Employee,1.0,0.0,0.0,0.0,0.0,0.0,0.0,0.0,0.0,0.0
3314,0.0,42,Male,high school,married,Western,Corporate Employee,0.0,0.0,0.0,0.0,0.0,0.0,0.0,0.0,0.0,1.0
3315,0.0,64,Female,bachelor's degree,married,Central,Corporate Employee,0.6111337905671287,0.022416746776358,0.0,0.3664494626565131,0.0,0.0,0.0,0.0,0.0,0.0
3326,0.0,26,Female,Unknown,single,Central,Corporate Employee,0.0,0.0,0.4898210968254098,0.5101789031745901,0.0,0.0,0.0,0.0,0.0,0.0
3327,0.0,41,Female,bachelor's degree,single,Central,Corporate Employee,1.0,0.0,0.0,0.0,0.0,0.0,0.0,0.0,0.0,0.0
3328,0.0,31,Male,high school,single,Eastern,Corporate Employee,0.6078062155836483,0.0,0.3921937844163517,0.0,0.0,0.0,0.0,0.0,0.0,0.0
3329,0.0,46,Female,less than high school,single,Central,Entrepreneur,1.0,0.0,0.0,0.0,0.0,0.0,0.0,0.0,0.0,0.0
3330,0.0,42,Male,high school,married,Central,Corporate Employee,0.6869710038046213,0.3130289961953788,0.0,0.0,0.0,0.0,0.0,0.0,0.0,0.0
3335,0.0,43,Female,vocational certificate,single,Northern,Corporate Employee,0.7841815187975545,0.0694699399612639,0.138629903291688,0.0077186379494935,0.0,0.0,0.0,0.0,0.0,0.0
3337,0.0,49,Female,bachelor's degree,single,Eastern,Professional,0.0,0.0,0.0,0.0,1.0,0.0,0.0,0.0,0.0,0.0
3338,0.0,33,Female,bachelor's degree,single,Northeastern,Corporate Employee,0.0,1.0,0.0,0.0,0.0,0.0,0.0,0.0,0.0,0.0
3341,1.0,70,Female,others,married,Central,Entrepreneur,0.1347700861670219,0.3406804190568835,0.0,0.0,0.0,0.5245494947760945,0.0,0.0,0.0,0.0
3343,0.0,28,Female,Unknown,single,Central,Corporate Employee,0.9802720190149214,0.0,0.0197279809850785,0.0,0.0,0.0,0.0,0.0,0.0,0.0
3344,0.0,41,Female,vocational certificate,married,Eastern,Corporate Employee,0.2593599996921781,0.0157193125566344,0.0,0.7002949319040135,0.024625755847174,0.0,0.0,0.0,0.0,0.0
3351,0.0,22,Female,Unknown,married,Southern,Unemployed,0.0,0.5402581438229871,0.0,0.2692071296865396,0.0,0.0,0.1905347264904732,0.0,0.0,0.0
3352,0.0,27,Female,Unknown,Unknown,Central,Corporate Employee,0.0,0.0594849873312429,0.1791146987538847,0.0828537411672255,0.0515528196954064,0.6269937530522405,0.0,0.0,0.0,0.0
3353,0.0,31,Male,less than high school,single,Central,Corporate Employee,0.0,0.0,0.9104984220666952,0.0895015779333047,0.0,0.0,0.0,0.0,0.0,0.0
3354,0.0,25,Female,vocational certificate,single,Eastern,Student,0.0,0.0,0.4814025365021848,0.4814025365021848,0.0,0.0,0.0371949269956303,0.0,0.0,0.0
3355,0.0,51,Male,bachelor's degree,single,Central,Entrepreneur,0.2299273144374738,0.0,0.0,0.0,0.7700726855625262,0.0,0.0,0.0,0.0,0.0
3356,0.0,50,Male,bachelor's degree,married,Central,Entrepreneur,0.2545112346884058,0.1960879963372513,0.0,0.0467641340186079,0.0,0.0,0.2119543742504713,0.0917531443894796,0.1989291163157839,0.0
3358,0.0,53,Female,vocational certificate,single,Northeastern,Corporate Employee,0.0,1.0,0.0,0.0,0.0,0.0,0.0,0.0,0.0,0.0
3360,0.0,28,Male,bachelor's degree,single,Central,Corporate Employee,0.6690295546173138,0.2374305577600711,0.0935398876226151,0.0,0.0,0.0,0.0,0.0,0.0,0.0
3361,0.0,55,Male,bachelor's degree,married,Southern,Corporate Employee,0.0,0.0,0.0,1.0,0.0,0.0,0.0,0.0,0.0,0.0
3365,0.0,28,Male,vocational certificate,single,Eastern,Corporate Employee,0.0,0.0,0.0,0.0,1.0,0.0,0.0,0.0,0.0,0.0
3366,0.0,35,Female,master's degree,single,Central,Corporate Employee,1.0,0.0,0.0,0.0,0.0,0.0,0.0,0.0,0.0,0.0
3368,0.0,40,Female,less than high school,married,Northeastern,Entrepreneur,0.0,0.0,0.0,0.0,0.0,0.0,0.0,1.0,0.0,0.0
3369,1.0,47,Female,bachelor's degree,married,Northeastern,Entrepreneur,1.0,0.0,0.0,0.0,0.0,0.0,0.0,0.0,0.0,0.0
3372,0.0,21,Female,high school,single,Northeastern,Student,0.0,0.0,1.0,0.0,0.0,0.0,0.0,0.0,0.0,0.0
3373,0.0,35,Male,bachelor's degree,single,Central,Entrepreneur,1.0,0.0,0.0,0.0,0.0,0.0,0.0,0.0,0.0,0.0
3375,0.0,45,Female,bachelor's degree,single,Central,Corporate Employee,0.7213884830145433,0.0,0.0417773658402033,0.0,0.0,0.0,0.0039518677369079,0.0,0.0030316143989195,0.2298506690094258
3377,0.0,47,Male,high school,married,Central,Freelancer,0.0,0.0311016374382327,0.0,0.9688983625617672,0.0,0.0,0.0,0.0,0.0,0.0
3378,0.0,24,Male,less than high school,single,Central,Corporate Employee,0.0,0.0,1.0,0.0,0.0,0.0,0.0,0.0,0.0,0.0
3383,1.0,60,Male,vocational certificate,married,Central,Corporate Employee,0.0,0.0005298526417556,0.0,0.0,0.9994701473582442,0.0,0.0,0.0,0.0,0.0
3384,0.0,20,Female,less than high school,single,Central,Student,0.0,0.0,1.0,0.0,0.0,0.0,0.0,0.0,0.0,0.0
3386,0.0,40,Male,high school,married,Central,Entrepreneur,0.8895637769188294,0.1104362230811706,0.0,0.0,0.0,0.0,0.0,0.0,0.0,0.0
3393,0.0,47,Male,bachelor's degree,married,Southern,Entrepreneur,0.0,1.0,0.0,0.0,0.0,0.0,0.0,0.0,0.0,0.0
3397,0.0,29,Female,high school,single,Central,Corporate Employee,0.0,0.0,1.0,0.0,0.0,0.0,0.0,0.0,0.0,0.0
3398,0.0,53,Female,others,married,Western,Entrepreneur,0.0,0.0,1.0,0.0,0.0,0.0,0.0,0.0,0.0,0.0
3399,0.0,44,Male,vocational certificate,married,Central,Corporate Employee,0.987657761519286,0.0055711666378599,0.0,0.0,0.0,0.0067710718428541,0.0,0.0,0.0,0.0
3400,0.0,41,Male,high school,married,Central,Corporate Employee,0.0,1.0,0.0,0.0,0.0,0.0,0.0,0.0,0.0,0.0
3403,0.0,39,Female,bachelor's degree,married,Central,Corporate Employee,0.260786136094365,0.0539494472147229,0.3512846645446682,0.3018352847321839,0.0,0.0,0.0,0.0313226816197966,0.000821785794263,0.0
3405,0.0,26,Female,others,single,Northeastern,Student,0.0,0.8052234209097526,0.1947765790902472,0.0,0.0,0.0,0.0,0.0,0.0,0.0
3414,0.0,64,Male,others,others,Central,Corporate Employee,0.0,0.0,0.5,0.5,0.0,0.0,0.0,0.0,0.0,0.0
3416,0.0,64,Female,master's degree,married,Central,Corporate Employee,0.0,1.0,0.0,0.0,0.0,0.0,0.0,0.0,0.0,0.0
3418,0.0,31,Male,bachelor's degree,single,Southern,Student,0.0,0.0,0.644196074095665,0.0,0.0,0.1949885921622627,0.0,0.1608153337420723,0.0,0.0
3419,0.0,53,Male,bachelor's degree,married,Central,Corporate Employee,0.3113861856887142,0.0,0.0,0.0,0.6886138143112858,0.0,0.0,0.0,0.0,0.0
3420,0.0,26,Male,Unknown,single,Central,Corporate Employee,0.0,0.6966082899169335,0.1203105057225953,0.0,0.0,0.0,0.1830812043604712,0.0,0.0,0.0
3421,1.0,47,Male,bachelor's degree,married,Central,Corporate Employee,0.2911741868691226,0.6750388232249159,0.0125204900353722,0.0140734190320075,0.0,0.0,0.0,0.00107842291433,0.0061146579242515,0.0
3426,0.0,43,Female,bachelor's degree,single,Eastern,Corporate Employee,0.0,0.0,1.0,0.0,0.0,0.0,0.0,0.0,0.0,0.0
3432,0.0,44,Female,bachelor's degree,single,Northern,Corporate Employee,0.5915864574028171,0.0,0.216818901581705,0.014808887994936,0.1767857530205418,0.0,0.0,0.0,0.0,0.0
3433,0.0,19,Female,Unknown,Unknown,Northeastern,Student,0.0,0.0,0.7867647058823529,0.213235294117647,0.0,0.0,0.0,0.0,0.0,0.0
3436,0.0,42,Male,less than high school,married,Eastern,Corporate Employee,0.3879605389521317,0.1129536954276182,0.0,0.0,0.4990857656202502,0.0,0.0,0.0,0.0,0.0
3437,0.0,31,Male,high school,single,Eastern,Corporate Employee,0.6156394434657688,0.0,0.1219280331237887,0.2624325234104424,0.0,0.0,0.0,0.0,0.0,0.0
3443,0.0,26,Female,high school,single,Eastern,Corporate Employee,0.0,0.0,1.0,0.0,0.0,0.0,0.0,0.0,0.0,0.0
3445,0.0,28,Female,Unknown,Unknown,Central,Corporate Employee,0.65192023104053,0.3480797689594701,0.0,0.0,0.0,0.0,0.0,0.0,0.0,0.0
3446,0.0,34,Male,bachelor's degree,single,Central,Corporate Employee,0.0,0.0,0.0,1.0,0.0,0.0,0.0,0.0,0.0,0.0
3447,0.0,24,Male,others,single,Central,Corporate Employee,0.0,0.0,0.6519759310456985,0.3480240689543015,0.0,0.0,0.0,0.0,0.0,0.0
3450,0.0,41,Male,bachelor's degree,single,Eastern,Freelancer,0.0,0.0,0.0,1.0,0.0,0.0,0.0,0.0,0.0,0.0
3451,0.0,28,Male,others,single,Central,Corporate Employee,0.0,0.0728518387192748,0.4635740806403626,0.4635740806403626,0.0,0.0,0.0,0.0,0.0,0.0
3452,0.0,37,Female,bachelor's degree,married,Central,Corporate Employee,0.810799006972134,0.0456876984841134,0.1345150059292905,0.0089982886144619,0.0,0.0,0.0,0.0,0.0,0.0
3453,0.0,46,Female,bachelor's degree,married,Central,Corporate Employee,0.0,0.0,0.0,0.0,0.0,0.0,0.0,0.0,0.0,1.0
3454,1.0,52,Female,bachelor's degree,married,Northern,Corporate Employee,0.4113699345399116,0.5886300654600883,0.0,0.0,0.0,0.0,0.0,0.0,0.0,0.0
3456,0.0,34,Female,bachelor's degree,single,Central,Student,0.549768407957436,0.4185751257928001,0.0316564662497639,0.0,0.0,0.0,0.0,0.0,0.0,0.0
3457,0.0,27,Female,others,others,Central,Corporate Employee,0.0,1.0,0.0,0.0,0.0,0.0,0.0,0.0,0.0,0.0
3459,0.0,32,Female,others,single,Northeastern,Corporate Employee,0.9850614795104812,0.0,0.0147179714665436,0.0002205490229751,0.0,0.0,0.0,0.0,0.0,0.0
3462,0.0,35,Male,vocational certificate,single,Central,Student,0.0,0.0,0.9074177356385944,0.0,0.0,0.0,0.0925822643614054,0.0,0.0,0.0
3464,0.0,45,Male,high school,married,Eastern,Corporate Employee,0.0,0.0,0.0,1.0,0.0,0.0,0.0,0.0,0.0,0.0
3465,0.0,36,Female,vocational certificate,married,Central,Freelancer,0.840431489825874,0.159568510174126,0.0,0.0,0.0,0.0,0.0,0.0,0.0,0.0
3467,0.0,29,Female,bachelor's degree,single,Western,Entrepreneur,0.0,0.0,1.0,0.0,0.0,0.0,0.0,0.0,0.0,0.0
3468,0.0,46,Female,bachelor's degree,married,Northern,Corporate Employee,1.0,0.0,0.0,0.0,0.0,0.0,0.0,0.0,0.0,0.0
3469,0.0,44,Female,vocational certificate,single,Eastern,Entrepreneur,0.0,0.0,0.393019965414243,0.0,0.0,0.606980034585757,0.0,0.0,0.0,0.0
3473,0.0,33,Female,bachelor's degree,single,Central,Student,0.0,0.0,1.0,0.0,0.0,0.0,0.0,0.0,0.0,0.0
3478,0.0,49,Female,bachelor's degree,married,Eastern,Corporate Employee,0.6075432570799041,0.3748090578334891,0.0176476850866067,0.0,0.0,0.0,0.0,0.0,0.0,0.0
3487,0.0,54,Female,less than high school,married,Central,Freelancer,0.0,0.0,0.0,1.0,0.0,0.0,0.0,0.0,0.0,0.0
3489,0.0,33,Female,Unknown,single,Northeastern,Homemaker,0.0,0.1970479704797048,0.1649446494464944,0.0003690036900369,0.6376383763837639,0.0,0.0,0.0,0.0,0.0
3495,0.0,65,Female,high school,married,Southern,Homemaker,0.0,1.0,0.0,0.0,0.0,0.0,0.0,0.0,0.0,0.0
3503,0.0,25,Female,Unknown,single,Northeastern,Corporate Employee,0.0,0.0,0.5,0.5,0.0,0.0,0.0,0.0,0.0,0.0
3504,0.0,62,Female,bachelor's degree,married,Central,Entrepreneur,1.0,0.0,0.0,0.0,0.0,0.0,0.0,0.0,0.0,0.0
3505,1.0,48,Female,less than high school,separate,Southern,Corporate Employee,0.6375295783816117,0.0,0.3624704216183883,0.0,0.0,0.0,0.0,0.0,0.0,0.0
3507,0.0,42,Female,bachelor's degree,single,Central,Corporate Employee,0.967188640707413,0.0,0.032811359292587,0.0,0.0,0.0,0.0,0.0,0.0,0.0
3512,0.0,28,Female,high school,single,Central,Student,1.0,0.0,0.0,0.0,0.0,0.0,0.0,0.0,0.0,0.0
3513,0.0,49,Female,bachelor's degree,single,Central,Professional,0.0301487957203526,0.0028179864011272,0.012626660205349,0.0068212942408542,0.9475852634323167,0.0,0.0,0.0,0.0,0.0
3514,0.0,32,Male,less than high school,married,Northeastern,Corporate Employee,0.462916439273186,0.040698923816871,0.196845195671768,0.1409179945672927,0.1586214466708821,0.0,0.0,0.0,0.0,0.0
3519,0.0,27,Female,high school,single,Central,Student,0.0,0.0,0.757455268389662,0.2425447316103379,0.0,0.0,0.0,0.0,0.0,0.0
3521,0.0,22,Female,Unknown,single,Northeastern,Student,0.1142138223324922,0.7645438124222468,0.0351427145638437,0.0,0.0,0.0,0.0,0.0860996506814172,0.0,0.0
3523,0.0,44,Male,bachelor's degree,single,Central,Corporate Employee,0.3060099364387748,0.0,0.5637877712506627,0.0888415944499668,0.0,0.0,0.0,0.0,0.0413606978605956,0.0
3524,0.0,38,Female,bachelor's degree,married,Central,Corporate Employee,1.0,0.0,0.0,0.0,0.0,0.0,0.0,0.0,0.0,0.0
3526,1.0,53,Female,others,married,Central,Entrepreneur,0.0,0.394929509287832,0.0,0.6050704907121679,0.0,0.0,0.0,0.0,0.0,0.0
3530,0.0,24,Female,others,others,Northeastern,Student,1.0,0.0,0.0,0.0,0.0,0.0,0.0,0.0,0.0,0.0
3532,0.0,39,Male,Unknown,married,Eastern,Corporate Employee,0.0,1.0,0.0,0.0,0.0,0.0,0.0,0.0,0.0,0.0
3537,0.0,30,Male,bachelor's degree,single,Central,Entrepreneur,0.0,0.0,0.9735141434473992,0.0264858565526009,0.0,0.0,0.0,0.0,0.0,0.0
3539,0.0,55,Male,high school,married,Southern,Entrepreneur,0.0,0.0172205385140935,0.0,0.9827794614859064,0.0,0.0,0.0,0.0,0.0,0.0
3540,0.0,31,Female,bachelor's degree,single,Eastern,Student,0.0,0.0,0.5594897528490362,0.038456127186606,0.0,0.0,0.0,0.0,0.4020541199643577,0.0
3545,0.0,38,Male,less than high school,single,Central,Entrepreneur,0.0,0.0,0.5849823099528264,0.4150176900471734,0.0,0.0,0.0,0.0,0.0,0.0
3546,0.0,59,Male,bachelor's degree,married,Central,Corporate Employee,0.5286583954531593,0.4713416045468406,0.0,0.0,0.0,0.0,0.0,0.0,0.0,0.0
3547,0.0,42,Male,vocational certificate,single,Central,Corporate Employee,0.0,0.0,0.0,1.0,0.0,0.0,0.0,0.0,0.0,0.0
3553,0.0,27,Female,vocational certificate,single,Northern,Corporate Employee,0.0,0.1890415494123489,0.089254579686782,0.0,0.0,0.0,0.7217038709008688,0.0,0.0,0.0
3559,0.0,21,Male,Unknown,single,Central,Student,0.0,0.0,0.5,0.5,0.0,0.0,0.0,0.0,0.0,0.0
3563,1.0,47,Male,vocational certificate,married,Central,Corporate Employee,0.0,0.0072160068505833,0.9927839931494166,0.0,0.0,0.0,0.0,0.0,0.0,0.0
3565,0.0,37,Male,vocational certificate,single,Northeastern,Unemployed,0.0,0.0,1.0,0.0,0.0,0.0,0.0,0.0,0.0,0.0
3566,0.0,39,Female,others,single,Northern,Corporate Employee,0.0,1.0,0.0,0.0,0.0,0.0,0.0,0.0,0.0,0.0
3567,0.0,50,Female,bachelor's degree,single,Eastern,Corporate Employee,0.9130533781510624,0.0130397132004508,0.0391869214789602,0.0347199871695265,0.0,0.0,0.0,0.0,0.0,0.0
3572,0.0,46,Female,others,single,Eastern,Corporate Employee,0.1563628744499935,0.3489753540837291,0.4946617714662772,0.0,0.0,0.0,0.0,0.0,0.0,0.0
3582,0.0,45,Female,vocational certificate,married,Eastern,Corporate Employee,0.0,1.0,0.0,0.0,0.0,0.0,0.0,0.0,0.0,0.0
3586,0.0,44,Male,bachelor's degree,married,Northeastern,Corporate Employee,0.0107585354307913,0.0,0.9892414645692088,0.0,0.0,0.0,0.0,0.0,0.0,0.0
3588,0.0,22,Female,less than high school,single,Central,Corporate Employee,0.0,0.4471865049619763,0.5528134950380237,0.0,0.0,0.0,0.0,0.0,0.0,0.0
3591,0.0,53,Male,Unknown,married,Eastern,Entrepreneur,1.0,0.0,0.0,0.0,0.0,0.0,0.0,0.0,0.0,0.0
3592,0.0,46,Female,high school,separate,Central,Corporate Employee,0.0,0.0,0.0,0.0,0.0,0.0,0.0,0.0,0.0,1.0
3596,0.0,48,Male,others,married,Northeastern,Entrepreneur,0.0,0.0,0.0,0.0,0.0,0.0,0.0,0.0,0.0,1.0
3597,1.0,32,Female,high school,married,Northeastern,Entrepreneur,1.0,0.0,0.0,0.0,0.0,0.0,0.0,0.0,0.0,0.0
3607,0.0,26,Male,less than high school,single,Northern,Student,0.0,0.0,0.8852459016393442,0.0,0.0,0.0,0.0,0.0,0.1147540983606557,0.0
3608,0.0,84,Female,master's degree,married,Central,Homemaker,0.0,0.0,0.0,0.0,0.0,1.0,0.0,0.0,0.0,0.0
3609,0.0,35,Male,high school,single,Eastern,Student,0.0,0.0029363653146754,0.072217543400774,0.0042805307543004,0.078362599821058,0.0,0.0051602717375462,0.0,0.0,0.8370426889716458
3610,0.0,42,Male,Unknown,single,Southern,Freelancer,1.0,0.0,0.0,0.0,0.0,0.0,0.0,0.0,0.0,0.0
3615,0.0,25,Female,others,single,Southern,Student,0.5642710851463874,0.0107943862476497,0.1412251544453397,0.1204505774912704,0.0,0.0,0.1632587966693527,0.0,0.0,0.0
3616,0.0,37,Female,bachelor's degree,single,Central,Corporate Employee,0.6656882408132699,0.1386983206080586,0.1514551573945753,0.0,0.0,0.0,0.0328389556953853,0.0025823556248009,0.0087369698639098,0.0
3622,0.0,39,Female,high school,single,Central,Corporate Employee,0.0,0.0,0.0259403372243839,0.0129701686121919,0.0,0.5421530479896238,0.0,0.4189364461738002,0.0,0.0
3623,0.0,46,Female,bachelor's degree,married,Central,Unemployed,0.0,0.2468821628055168,0.0,0.3423880479397614,0.0,0.1345095902620491,0.0,0.0,0.2762201989926726,0.0
3626,0.0,29,Male,Unknown,single,Central,Unemployed,0.0,0.0,1.0,0.0,0.0,0.0,0.0,0.0,0.0,0.0
3627,0.0,33,Female,others,single,Eastern,Student,0.7220537699615929,0.0,0.1098179160641258,0.1098179160641258,0.0,0.0291551989550776,0.0291551989550776,0.0,0.0,0.0
3636,0.0,45,Male,bachelor's degree,married,Central,Entrepreneur,1.0,0.0,0.0,0.0,0.0,0.0,0.0,0.0,0.0,0.0
3640,0.0,29,Male,vocational certificate,single,Central,Corporate Employee,0.2935766089283199,0.1228955428812843,0.2917639240951978,0.2917639240951978,0.0,0.0,0.0,0.0,0.0,0.0
3643,0.0,44,Female,less than high school,single,Central,Corporate Employee,0.0,0.0,1.0,0.0,0.0,0.0,0.0,0.0,0.0,0.0
3647,0.0,51,Male,bachelor's degree,single,Central,Entrepreneur,0.0,0.0,0.0,0.0,1.0,0.0,0.0,0.0,0.0,0.0
3649,0.0,58,Male,high school,married,Northeastern,Freelancer,0.0,0.0,0.0,1.0,0.0,0.0,0.0,0.0,0.0,0.0
3650,0.0,45,Male,others,married,Central,Entrepreneur,0.0,0.0,0.0,0.0,1.0,0.0,0.0,0.0,0.0,0.0
3652,0.0,48,Male,vocational certificate,single,Central,Freelancer,0.0,0.0458049886621315,0.0,0.9541950113378684,0.0,0.0,0.0,0.0,0.0,0.0
3653,0.0,20,Male,less than high school,single,Central,Student,0.0,1.0,0.0,0.0,0.0,0.0,0.0,0.0,0.0,0.0
3657,0.0,31,Female,less than high school,single,Central,Unemployed,0.0,0.3473969295025533,0.0,0.6526030704974466,0.0,0.0,0.0,0.0,0.0,0.0
3658,0.0,25,Female,others,single,Central,Student,0.0,0.0,1.0,0.0,0.0,0.0,0.0,0.0,0.0,0.0
3659,1.0,49,Male,bachelor's degree,married,Central,Corporate Employee,1.0,0.0,0.0,0.0,0.0,0.0,0.0,0.0,0.0,0.0
3660,0.0,28,Female,less than high school,single,Central,Corporate Employee,0.0,0.0,1.0,0.0,0.0,0.0,0.0,0.0,0.0,0.0
3663,0.0,51,Female,others,others,Central,Professional,0.0,0.4385980506449418,0.1543894676024847,0.0771947338012423,0.0,0.0136748864129747,0.0,0.1387112103300092,0.1774316512083471,0.0
3665,0.0,37,Male,bachelor's degree,married,Central,Corporate Employee,0.0505057902418697,0.178047832018906,0.0,0.0,0.7241372492012008,0.0,0.0,0.0,0.0473091285380234,0.0
3666,0.0,21,Female,Unknown,single,Southern,Entrepreneur,0.0,0.0,1.0,0.0,0.0,0.0,0.0,0.0,0.0,0.0
3669,0.0,48,Male,bachelor's degree,married,Central,Entrepreneur,0.3052430772386901,0.0,0.0001903797039543,0.0001903797039543,0.6943761633534012,0.0,0.0,0.0,0.0,0.0
3671,0.0,48,Female,bachelor's degree,married,Central,Freelancer,0.0,0.0,0.7547683923705722,0.2452316076294278,0.0,0.0,0.0,0.0,0.0,0.0
3675,0.0,34,Male,high school,single,Central,Freelancer,0.0,1.0,0.0,0.0,0.0,0.0,0.0,0.0,0.0,0.0
3681,2.0,58,Female,bachelor's degree,widow,Northeastern,Professional,0.0,0.0,0.0,0.7404157043879908,0.0,0.0477598152424942,0.0,0.0,0.0,0.211824480369515
3683,0.0,50,Female,bachelor's degree,single,Northeastern,Corporate Employee,1.0,0.0,0.0,0.0,0.0,0.0,0.0,0.0,0.0,0.0
3684,0.0,38,Female,master's degree,single,Central,Corporate Employee,1.0,0.0,0.0,0.0,0.0,0.0,0.0,0.0,0.0,0.0
3689,0.0,25,Male,vocational certificate,single,Central,Student,0.0,0.0,0.2313084112149532,0.2313084112149532,0.0,0.0,0.0,0.5373831775700935,0.0,0.0
3691,0.0,25,Female,vocational certificate,single,Northeastern,Corporate Employee,0.0,0.0,1.0,0.0,0.0,0.0,0.0,0.0,0.0,0.0
3694,0.0,47,Male,master's degree,single,Central,Corporate Employee,0.0,0.0,0.0,0.0,1.0,0.0,0.0,0.0,0.0,0.0
3697,0.0,34,Female,high school,single,Southern,Entrepreneur,0.0,0.0,0.1002938199056813,0.01083923853732,0.0,0.0,0.8888669415569986,0.0,0.0,0.0
3698,0.0,32,Female,bachelor's degree,single,Central,Corporate Employee,0.1028808348436811,0.0009173541106894,0.0151543469724742,0.0,0.8779473215831989,0.0,0.0,0.0,0.0031001424899562,0.0
3700,0.0,46,Male,bachelor's degree,single,Central,Corporate Employee,0.0,0.0,0.7973820561767112,0.2026179438232888,0.0,0.0,0.0,0.0,0.0,0.0
3702,0.0,43,Male,bachelor's degree,single,Central,Freelancer,1.0,0.0,0.0,0.0,0.0,0.0,0.0,0.0,0.0,0.0
3704,0.0,32,Female,Unknown,single,Central,Unemployed,0.0,1.0,0.0,0.0,0.0,0.0,0.0,0.0,0.0,0.0
3705,0.0,52,Female,high school,married,Northern,Entrepreneur,0.0,1.0,0.0,0.0,0.0,0.0,0.0,0.0,0.0,0.0
3706,0.0,48,Male,bachelor's degree,married,Central,Entrepreneur,0.3111722357533057,0.2293685124430478,0.0,0.0,0.0,0.0,0.0,0.0,0.4594592518036465,0.0
3707,0.0,47,Male,others,married,Central,Entrepreneur,0.2566988224345229,0.0,0.0,0.7433011775654771,0.0,0.0,0.0,0.0,0.0,0.0
3709,1.0,42,Male,vocational certificate,married,Northeastern,Corporate Employee,0.0,0.3494652123265911,0.0,0.6505347876734089,0.0,0.0,0.0,0.0,0.0,0.0
3711,0.0,48,Female,vocational certificate,single,Eastern,Corporate Employee,0.0,0.0,1.0,0.0,0.0,0.0,0.0,0.0,0.0,0.0
3715,0.0,37,Female,bachelor's degree,married,Central,Professional,0.0,0.0,0.0234531476469457,0.0,0.9765468523530544,0.0,0.0,0.0,0.0,0.0
3716,0.0,35,Female,bachelor's degree,married,Central,Corporate Employee,0.0,0.0,0.0,0.0,1.0,0.0,0.0,0.0,0.0,0.0
3719,0.0,24,Male,others,single,Northeastern,Professional,1.0,0.0,0.0,0.0,0.0,0.0,0.0,0.0,0.0,0.0
3722,1.0,54,Female,bachelor's degree,married,Northeastern,Homemaker,0.0,0.0,0.0,1.0,0.0,0.0,0.0,0.0,0.0,0.0
3724,0.0,67,Female,bachelor's degree,married,Central,Unemployed,0.0,0.0,1.0,0.0,0.0,0.0,0.0,0.0,0.0,0.0
3725,1.0,57,Female,less than high school,widow,Central,Entrepreneur,0.0,1.0,0.0,0.0,0.0,0.0,0.0,0.0,0.0,0.0
3727,0.0,43,Male,others,married,Western,Corporate Employee,0.0,0.0,0.0,1.0,0.0,0.0,0.0,0.0,0.0,0.0
3730,0.0,23,Female,high school,single,Eastern,Student,0.0,1.0,0.0,0.0,0.0,0.0,0.0,0.0,0.0,0.0
3731,0.0,45,Female,bachelor's degree,single,Central,Corporate Employee,0.0,0.3444858146730295,0.0,0.6555141853269705,0.0,0.0,0.0,0.0,0.0,0.0
3733,0.0,44,Female,bachelor's degree,married,Southern,Corporate Employee,0.4349569722674529,0.0,0.0,0.0,0.0,0.1409132848725632,0.0,0.0,0.0,0.4241297428599837
3737,0.0,47,Female,bachelor's degree,married,Central,Corporate Employee,1.0,0.0,0.0,0.0,0.0,0.0,0.0,0.0,0.0,0.0
3740,0.0,41,Female,bachelor's degree,single,Central,Corporate Employee,0.0,0.0,1.0,0.0,0.0,0.0,0.0,0.0,0.0,0.0
3742,0.0,24,Female,others,single,Southern,Student,0.0,0.0,0.0,0.0,0.0,0.0,1.0,0.0,0.0,0.0
3748,0.0,24,Male,Unknown,single,Central,Corporate Employee,0.0,0.0,1.0,0.0,0.0,0.0,0.0,0.0,0.0,0.0
3749,0.0,58,Male,vocational certificate,married,Central,Entrepreneur,0.0,0.0,0.2104179708869826,0.7895820291130174,0.0,0.0,0.0,0.0,0.0,0.0
3750,0.0,35,Male,high school,single,Central,Corporate Employee,0.0,0.0,0.5108463323475444,0.4891536676524556,0.0,0.0,0.0,0.0,0.0,0.0
3754,1.0,35,Female,others,others,Northeastern,Corporate Employee,0.0,0.1308266389622019,0.0,0.0,0.0,0.0,0.8395292339820446,0.0,0.0,0.0
3756,0.0,19,Female,Unknown,single,Central,Corporate Employee,0.0,0.1796896373209648,0.7369745741667474,0.0833357885122878,0.0,0.0,0.0,0.0,0.0,0.0
3758,0.0,28,Female,high school,single,Eastern,Corporate Employee,0.0,0.0,0.0,0.0958466453674121,0.0,0.0,0.0,0.0,0.9041533546325878,0.0
3759,0.0,39,Female,less than high school,married,Central,Entrepreneur,0.0,0.0,0.0,0.0,0.0,0.0,0.0,0.0,1.0,0.0
3760,0.0,57,Female,less than high school,married,Central,Entrepreneur,0.3065683640608811,0.6934316359391188,0.0,0.0,0.0,0.0,0.0,0.0,0.0,0.0
3761,0.0,52,Female,bachelor's degree,single,Central,Entrepreneur,0.930909669464222,0.0468159579968975,0.0111371862694403,0.0111371862694403,0.0,0.0,0.0,0.0,0.0,0.0
3767,0.0,42,Female,Unknown,Unknown,Central,Corporate Employee,0.0,1.0,0.0,0.0,0.0,0.0,0.0,0.0,0.0,0.0
3770,0.0,32,Male,high school,single,Central,Corporate Employee,0.8311061935659723,0.0,0.1688938064340277,0.0,0.0,0.0,0.0,0.0,0.0,0.0
3774,0.0,24,Male,high school,single,Southern,Student,0.0,0.0,1.0,0.0,0.0,0.0,0.0,0.0,0.0,0.0
3775,0.0,55,Female,bachelor's degree,single,Central,Corporate Employee,0.7006301000032695,0.2993698999967303,0.0,0.0,0.0,0.0,0.0,0.0,0.0,0.0
3776,0.0,40,Female,bachelor's degree,single,Central,Corporate Employee,0.9863301855849134,0.0,0.0106532911223719,0.0030165232927146,0.0,0.0,0.0,0.0,0.0,0.0
3780,0.0,45,Male,bachelor's degree,married,Northern,Entrepreneur,0.0,0.6373486297004461,0.3267119892358898,0.0318674314850223,0.0,0.0,0.0040719495786417,0.0,0.0,0.0
3783,0.0,32,Female,bachelor's degree,single,Central,Corporate Employee,0.7060524704093017,0.0,0.1469737647953491,0.1469737647953491,0.0,0.0,0.0,0.0,0.0,0.0
3785,0.0,55,Female,master's degree,married,Southern,Corporate Employee,0.0,0.5594424229058699,0.4405575770941302,0.0,0.0,0.0,0.0,0.0,0.0,0.0
3789,0.0,33,Male,others,single,Central,Entrepreneur,0.0,0.1975384615384615,0.0,0.0,0.0,0.0,0.3544615384615384,0.448,0.0,0.0
3791,0.0,47,Male,less than high school,married,Central,Freelancer,0.0,0.0,0.0,1.0,0.0,0.0,0.0,0.0,0.0,0.0
3792,0.0,46,Female,bachelor's degree,single,Central,Corporate Employee,0.0,1.0,0.0,0.0,0.0,0.0,0.0,0.0,0.0,0.0
3800,0.0,30,Female,master's degree,married,Central,Homemaker,0.0,0.0,1.0,0.0,0.0,0.0,0.0,0.0,0.0,0.0
3802,0.0,54,Male,vocational certificate,married,Southern,Entrepreneur,0.0,0.0,0.0,1.0,0.0,0.0,0.0,0.0,0.0,0.0
3804,0.0,49,Female,master's degree,married,Central,Corporate Employee,1.0,0.0,0.0,0.0,0.0,0.0,0.0,0.0,0.0,0.0
3805,0.0,21,Female,others,single,Central,Student,0.0,1.0,0.0,0.0,0.0,0.0,0.0,0.0,0.0,0.0
3808,0.0,33,Female,high school,single,Eastern,Student,0.9399970485513306,0.0600029514486693,0.0,0.0,0.0,0.0,0.0,0.0,0.0,0.0
3812,0.0,22,Female,high school,single,Central,Student,0.8484409874257959,0.0,0.0863916085559316,0.0272670387724526,0.0,0.0,0.0,0.0011370109573745,0.0367633542884452,0.0
3813,0.0,22,Female,high school,single,Eastern,Student,0.0,0.0,0.0027524802921557,0.0009734728644439,0.9962740468434004,0.0,0.0,0.0,0.0,0.0
3815,0.0,23,Male,high school,single,Northern,Student,0.0,0.0915161133728188,0.4574723335215807,0.0150026415365276,0.0,0.0,0.0117877897787003,0.1903406564084319,0.2338804653819404,0.0
3816,0.0,21,Male,less than high school,single,Southern,Student,0.0,0.0,0.0,0.0,0.9640729885600832,0.0359270114399168,0.0,0.0,0.0,0.0
3817,0.0,36,Female,bachelor's degree,divorce,Eastern,Corporate Employee,0.0,1.0,0.0,0.0,0.0,0.0,0.0,0.0,0.0,0.0
3819,0.0,59,Female,high school,single,Central,Freelancer,0.0,0.0,0.4275475564867449,0.0,0.0,0.0,0.0,0.0,0.0,0.5724524435132552
3821,0.0,43,Female,bachelor's degree,married,Northeastern,Entrepreneur,0.0,1.0,0.0,0.0,0.0,0.0,0.0,0.0,0.0,0.0
3822,1.0,32,Female,high school,married,Southern,Freelancer,0.0,0.0,0.0,1.0,0.0,0.0,0.0,0.0,0.0,0.0
3823,0.0,55,Female,vocational certificate,others,Central,Corporate Employee,0.9305890654163064,0.0,0.0694109345836937,0.0,0.0,0.0,0.0,0.0,0.0,0.0
3825,0.0,31,Male,vocational certificate,single,Central,Student,0.7580946996423352,0.0065201058821915,0.0666411663499446,0.0666411663499446,0.0,0.102102861775584,0.0,0.0,0.0,0.0
3827,0.0,26,Male,high school,single,Northeastern,Corporate Employee,0.0,1.0,0.0,0.0,0.0,0.0,0.0,0.0,0.0,0.0
3832,0.0,22,Male,others,single,Central,Corporate Employee,0.0,0.0,1.0,0.0,0.0,0.0,0.0,0.0,0.0,0.0
3833,0.0,38,Female,bachelor's degree,single,Central,Corporate Employee,0.0,0.0,0.2001335943493558,0.0,0.7998664056506443,0.0,0.0,0.0,0.0,0.0
3836,0.0,35,Female,vocational certificate,single,Central,Entrepreneur,0.0,0.0,0.0,0.0,0.0,0.0,1.0,0.0,0.0,0.0
3839,0.0,47,Female,bachelor's degree,single,Central,Corporate Employee,0.9573398402031806,0.0251993126179677,0.0087304235894257,0.0087304235894257,0.0,0.0,0.0,0.0,0.0,0.0
3840,0.0,35,Female,bachelor's degree,single,Western,Corporate Employee,0.0885834287896143,0.1477663230240549,0.0,0.0,0.7636502481863306,0.0,0.0,0.0,0.0,0.0
3841,0.0,38,Female,bachelor's degree,married,Central,Entrepreneur,0.0,0.0,0.0,0.0,0.0,0.079226285108638,0.920773714891362,0.0,0.0,0.0
3844,0.0,55,Female,others,others,Central,Corporate Employee,0.0,0.0,0.0,0.9330887630592553,0.0669112369407448,0.0,0.0,0.0,0.0,0.0
3845,0.0,28,Female,high school,single,Central,Corporate Employee,0.0,0.0,1.0,0.0,0.0,0.0,0.0,0.0,0.0,0.0
3846,0.0,32,Male,high school,single,Central,Student,0.0,0.0,0.430391061452514,0.5696089385474861,0.0,0.0,0.0,0.0,0.0,0.0
3847,0.0,63,Male,bachelor's degree,married,Northeastern,Homemaker,0.0,1.0,0.0,0.0,0.0,0.0,0.0,0.0,0.0,0.0
3848,0.0,25,Female,Unknown,married,Central,Entrepreneur,0.6988139847160804,0.0,0.3011860152839195,0.0,0.0,0.0,0.0,0.0,0.0,0.0
3849,0.0,39,Male,vocational certificate,single,Central,Corporate Employee,0.0,0.0,0.0,1.0,0.0,0.0,0.0,0.0,0.0,0.0
3851,0.0,41,Female,Unknown,single,Central,Corporate Employee,0.7178040020523345,0.0,0.0,0.0,0.2821959979476655,0.0,0.0,0.0,0.0,0.0
3857,0.0,38,Female,bachelor's degree,married,Central,Corporate Employee,0.0,0.0518624196365698,0.8813855850203243,0.0392050675531942,0.0,0.0,0.0275469277899117,0.0,0.0,0.0
3858,0.0,33,Female,others,single,Central,Corporate Employee,0.6301369863013698,0.0,0.0,0.0,0.3698630136986301,0.0,0.0,0.0,0.0,0.0
3860,0.0,35,Female,vocational certificate,married,Central,Entrepreneur,0.0,0.0,1.0,0.0,0.0,0.0,0.0,0.0,0.0,0.0
3865,0.0,26,Male,bachelor's degree,single,Central,Corporate Employee,1.0,0.0,0.0,0.0,0.0,0.0,0.0,0.0,0.0,0.0
3869,0.0,23,Female,Unknown,married,Northeastern,Homemaker,0.0,0.0,1.0,0.0,0.0,0.0,0.0,0.0,0.0,0.0
3870,0.0,34,Female,high school,divorce,Central,Corporate Employee,0.0,0.0,0.0,1.0,0.0,0.0,0.0,0.0,0.0,0.0
3871,0.0,60,Female,others,single,Northeastern,Corporate Employee,0.0,0.0,0.0,1.0,0.0,0.0,0.0,0.0,0.0,0.0
3873,0.0,24,Female,less than high school,married,Northeastern,Freelancer,0.0,0.0,0.0,0.0,0.0,0.0,0.0,1.0,0.0,0.0
3880,0.0,32,Male,vocational certificate,single,Central,Corporate Employee,0.7809793019274127,0.0371836381820955,0.1818370598904918,0.0,0.0,0.0,0.0,0.0,0.0,0.0
3883,0.0,35,Female,less than high school,single,Central,Corporate Employee,0.0,0.0,0.0,1.0,0.0,0.0,0.0,0.0,0.0,0.0
3884,0.0,27,Female,high school,single,Eastern,Student,0.0,0.0,1.0,0.0,0.0,0.0,0.0,0.0,0.0,0.0
3888,0.0,28,Male,bachelor's degree,single,Central,Corporate Employee,0.8241045848023288,0.0,0.1758954151976711,0.0,0.0,0.0,0.0,0.0,0.0,0.0
3896,0.0,30,Female,less than high school,single,Northern,Corporate Employee,0.8680325315054954,0.0,0.1319674684945046,0.0,0.0,0.0,0.0,0.0,0.0,0.0
3897,0.0,44,Male,bachelor's degree,single,Central,Corporate Employee,1.0,0.0,0.0,0.0,0.0,0.0,0.0,0.0,0.0,0.0
3898,0.0,43,Male,bachelor's degree,single,Southern,Corporate Employee,0.0,0.0083510344225565,0.4864105271986293,0.5052384383788141,0.0,0.0,0.0,0.0,0.0,0.0
3906,0.0,67,Male,bachelor's degree,married,Central,Corporate Employee,0.0,1.0,0.0,0.0,0.0,0.0,0.0,0.0,0.0,0.0
3910,0.0,46,Female,bachelor's degree,single,Southern,Corporate Employee,0.7473360658591649,0.0,0.1587942903858822,0.0,0.0,0.0,0.0224228674251445,0.0,0.0714467763298083,0.0
3911,0.0,35,Female,others,married,Central,Entrepreneur,0.0,0.0157065350004262,0.0065411741187054,0.0929820551340132,0.8641453257798697,0.0064033684841821,0.0014331785990421,0.0,0.0127883628837611,0.0
3922,0.0,71,Female,others,married,Central,Entrepreneur,0.9303721151697708,0.0021372224088732,0.0,0.0,0.0,0.0,0.0,0.0,0.0003862814605888,0.067104380960767
3924,0.0,49,Male,high school,married,Central,Entrepreneur,0.6332116279119686,0.3667883720880314,0.0,0.0,0.0,0.0,0.0,0.0,0.0,0.0
3925,0.0,44,Female,vocational certificate,married,Western,Freelancer,0.1286449399656946,0.0,0.8713550600343053,0.0,0.0,0.0,0.0,0.0,0.0,0.0
3931,0.0,44,Male,bachelor's degree,single,Central,Freelancer,0.0,0.0,1.0,0.0,0.0,0.0,0.0,0.0,0.0,0.0
3933,0.0,41,Female,Unknown,single,Central,Corporate Employee,0.0,0.0,0.0,1.0,0.0,0.0,0.0,0.0,0.0,0.0
3935,0.0,48,Female,bachelor's degree,single,Central,Corporate Employee,0.0,0.0,1.0,0.0,0.0,0.0,0.0,0.0,0.0,0.0
3936,0.0,41,Male,bachelor's degree,single,Eastern,Entrepreneur,0.9313231834641714,0.041531045585046,0.0238103104747304,1.5733304132320863e-05,0.0,0.0,0.0,0.0,0.0,0.0033197271719197
3937,0.0,53,Female,less than high school,married,Eastern,Freelancer,0.0,0.0,0.0,1.0,0.0,0.0,0.0,0.0,0.0,0.0
3938,0.0,30,Female,high school,single,Western,Corporate Employee,1.0,0.0,0.0,0.0,0.0,0.0,0.0,0.0,0.0,0.0
3941,0.0,24,Female,Unknown,single,Central,Corporate Employee,0.8611983080571023,0.0,0.060742097814861,0.0780595941280366,0.0,0.0,0.0,0.0,0.0,0.0
3942,0.0,25,Female,others,single,Southern,Student,0.0,0.0,0.789157049885442,0.0,0.0,0.210842950114558,0.0,0.0,0.0,0.0
3943,0.0,30,Male,vocational certificate,single,Central,Corporate Employee,0.7891770229940405,0.0,0.0,0.0,0.0,0.2108229770059595,0.0,0.0,0.0,0.0
3946,0.0,28,Female,others,single,Central,Corporate Employee,0.0,0.0,1.0,0.0,0.0,0.0,0.0,0.0,0.0,0.0
3950,0.0,48,Female,less than high school,married,Central,Entrepreneur,0.0,0.3112327344590263,0.0,0.6887672655409738,0.0,0.0,0.0,0.0,0.0,0.0
3952,0.0,37,Female,bachelor's degree,married,Central,Corporate Employee,0.0,1.0,0.0,0.0,0.0,0.0,0.0,0.0,0.0,0.0
3955,0.0,42,Female,bachelor's degree,married,Southern,Corporate Employee,0.9820465561524476,0.0,0.0179534438475522,0.0,0.0,0.0,0.0,0.0,0.0,0.0
3956,0.0,26,Male,Unknown,single,Central,Corporate Employee,0.0,0.0,0.5,0.5,0.0,0.0,0.0,0.0,0.0,0.0
3957,0.0,29,Female,bachelor's degree,single,Eastern,Corporate Employee,1.0,0.0,0.0,0.0,0.0,0.0,0.0,0.0,0.0,0.0
3959,0.0,48,Male,high school,married,Northern,Freelancer,1.0,0.0,0.0,0.0,0.0,0.0,0.0,0.0,0.0,0.0
3962,0.0,24,Female,high school,single,Central,Student,0.9085365853658536,0.0,0.0,0.0914634146341463,0.0,0.0,0.0,0.0,0.0,0.0
3966,0.0,43,Male,vocational certificate,single,Central,Corporate Employee,0.0,0.0,0.0,1.0,0.0,0.0,0.0,0.0,0.0,0.0
3968,0.0,52,Female,less than high school,married,Central,Corporate Employee,0.0,0.5906762691801356,0.0,0.0,0.3540097131415043,0.0,0.0,0.0,0.0,0.05531401767836
3976,0.0,45,Female,high school,single,Southern,Corporate Employee,0.1881095926486771,0.0,0.4965129184262751,0.3153774889250477,0.0,0.0,0.0,0.0,0.0,0.0
3978,0.0,47,Male,high school,married,Northeastern,Other,0.0,0.7423853400084154,0.0,0.0,0.0,0.0,0.2576146599915846,0.0,0.0,0.0
3979,0.0,29,Male,others,others,Central,Student,0.0,0.0,0.0,0.8711451581221764,0.0,0.0,0.0,0.1288548418778236,0.0,0.0
3981,0.0,56,Female,bachelor's degree,single,Central,Corporate Employee,1.0,0.0,0.0,0.0,0.0,0.0,0.0,0.0,0.0,0.0
3985,0.0,20,Male,Unknown,married,Southern,Freelancer,0.0,0.0,0.0,0.0,0.0,0.0,0.0038701994641262,0.0,0.9961298005358736,0.0
3988,0.0,53,Female,master's degree,married,Central,Entrepreneur,0.3742414025623736,0.4922454484153742,0.0,0.0,0.0,0.0,0.0,0.0,0.1335131490222522,0.0
3989,0.0,21,Male,vocational certificate,single,Northeastern,Student,0.0,0.0,0.0,0.0,0.0,0.0,1.0,0.0,0.0,0.0
3990,0.0,29,Female,bachelor's degree,single,Northeastern,Corporate Employee,0.0,0.179489660956805,0.4716281170360334,0.3006548598341882,0.0,0.0482273621729733,0.0,0.0,0.0,0.0
3994,0.0,46,Male,vocational certificate,married,Southern,Corporate Employee,0.0,0.0,0.0,0.0,1.0,0.0,0.0,0.0,0.0,0.0
3995,1.0,57,Female,less than high school,married,Central,Corporate Employee,0.0,1.0,0.0,0.0,0.0,0.0,0.0,0.0,0.0,0.0
3997,0.0,20,Female,Unknown,Unknown,Northern,Student,0.0,0.385322240158947,0.614677759841053,0.0,0.0,0.0,0.0,0.0,0.0,0.0
4001,0.0,54,Male,high school,married,Central,Corporate Employee,0.0,0.0,0.0,0.5151983513652756,0.4848016486347243,0.0,0.0,0.0,0.0,0.0
4002,0.0,26,Female,Unknown,single,Northern,Entrepreneur,0.0,0.0,0.5185154884083134,0.0,0.3707339835949833,0.0,0.0836310416609852,0.0,0.027119486335718,0.0
4009,0.0,40,Male,vocational certificate,single,Southern,Entrepreneur,0.0,0.0,0.0,0.0,0.0,0.0,1.0,0.0,0.0,0.0
4015,0.0,43,Male,bachelor's degree,single,Central,Corporate Employee,0.0,0.00063305162536,0.0,0.0,0.0,0.0,0.0,0.974899503054474,0.0,0.0244674453201658
4016,0.0,25,Female,high school,single,Central,Student,0.0,0.0,1.0,0.0,0.0,0.0,0.0,0.0,0.0,0.0
4021,0.0,27,Male,vocational certificate,single,Northeastern,Corporate Employee,0.0,0.0,1.0,0.0,0.0,0.0,0.0,0.0,0.0,0.0
4022,0.0,56,Male,others,married,Northeastern,Corporate Employee,0.0,1.0,0.0,0.0,0.0,0.0,0.0,0.0,0.0,0.0
4024,0.0,53,Female,bachelor's degree,married,Southern,Entrepreneur,0.0,0.0,0.0,0.0,0.0,0.0,0.0,0.0,0.0,1.0
4026,0.0,28,Female,high school,single,Southern,Corporate Employee,0.0,0.4916559691912708,0.5083440308087291,0.0,0.0,0.0,0.0,0.0,0.0,0.0
4029,0.0,22,Female,others,others,Southern,Student,0.0,0.0,0.7887899927832571,0.182583593937936,0.0,0.0,0.0286264132788068,0.0,0.0,0.0
4031,0.0,26,Female,others,others,Northeastern,Student,0.0,0.0,0.9370842572062084,0.0462860310421286,0.0,0.0,0.0,0.0,0.0166297117516629,0.0
4032,1.0,47,Female,vocational certificate,married,Southern,Freelancer,1.0,0.0,0.0,0.0,0.0,0.0,0.0,0.0,0.0,0.0
4038,2.0,47,Female,high school,married,Southern,Corporate Employee,0.5394150583107677,0.4605849416892322,0.0,0.0,0.0,0.0,0.0,0.0,0.0,0.0
4040,0.0,53,Male,vocational certificate,single,Central,Entrepreneur,0.0,0.0,0.0,0.0,0.0,1.0,0.0,0.0,0.0,0.0
4042,0.0,38,Male,high school,single,Central,Freelancer,0.0,0.0,0.5641485815977197,0.4358514184022803,0.0,0.0,0.0,0.0,0.0,0.0
4046,0.0,35,Female,bachelor's degree,married,Central,Corporate Employee,0.0,0.0,0.5102627926524921,0.4559623024276663,0.0,0.0,0.0337749049198416,0.0,0.0,0.0
4047,0.0,56,Male,others,married,Southern,Corporate Employee,0.3108077038604593,0.0010634155627276,0.3432923731484789,0.3324878831441896,0.0,0.0123486242841444,0.0,0.0,0.0,0.0
4056,0.0,42,Female,high school,married,Northeastern,Entrepreneur,0.0,0.040651598003872,0.0025437003044972,0.9568047016916308,0.0,0.0,0.0,0.0,0.0,0.0
4058,0.0,55,Male,bachelor's degree,single,Central,Entrepreneur,0.0,0.0,1.0,0.0,0.0,0.0,0.0,0.0,0.0,0.0
4060,0.0,52,Female,vocational certificate,single,Central,Corporate Employee,0.2544205715377754,0.3416590267764202,0.0,0.0,0.0,0.0,0.4039204016858043,0.0,0.0,0.0
4061,0.0,58,Female,high school,married,Central,Entrepreneur,0.7932946431584319,0.156340640749991,0.0,0.0,0.0,0.0,0.0503647160915771,0.0,0.0,0.0
4062,0.0,50,Female,others,married,Northeastern,Entrepreneur,0.0,0.0,0.0,0.0,1.0,0.0,0.0,0.0,0.0,0.0
4065,2.0,57,Male,high school,married,Central,Entrepreneur,0.0,0.0,0.0,1.0,0.0,0.0,0.0,0.0,0.0,0.0
4066,0.0,35,Female,bachelor's degree,single,Central,Corporate Employee,0.0,0.0,0.0,1.0,0.0,0.0,0.0,0.0,0.0,0.0
4071,0.0,46,Male,master's degree,married,Central,Corporate Employee,1.0,0.0,0.0,0.0,0.0,0.0,0.0,0.0,0.0,0.0
4076,0.0,32,Female,high school,single,Central,Corporate Employee,0.5851631826045333,0.1471960511839077,0.0182006641422345,0.1820066414223455,0.0,0.067433460646979,0.0,0.0,0.0,0.0
4081,0.0,38,Female,vocational certificate,married,Northeastern,Entrepreneur,0.145087072736166,0.0068049313776021,0.0092288436944714,0.0,0.0,0.0,0.8388791521917601,0.0,0.0,0.0
4085,0.0,38,Female,bachelor's degree,single,Central,Corporate Employee,0.0,0.0,0.0,0.0,0.0,0.0,0.0,1.0,0.0,0.0
4087,0.0,56,Male,less than high school,single,Central,Corporate Employee,0.0,0.0,0.0,1.0,0.0,0.0,0.0,0.0,0.0,0.0
4088,0.0,27,Female,bachelor's degree,single,Northeastern,Corporate Employee,0.0205419183768491,0.0,0.4964842778959331,0.4829738037272179,0.0,0.0,0.0,0.0,0.0,0.0
4089,0.0,32,Female,high school,single,Southern,Student,0.0,0.0,0.5,0.5,0.0,0.0,0.0,0.0,0.0,0.0
4090,0.0,65,Female,master's degree,single,Central,Professional,0.0,0.6559900728563881,0.0,0.0,0.0,0.0,0.0,0.0,0.0,0.3440099271436119
4093,0.0,22,Female,others,others,Northeastern,Student,0.0,0.0,0.5,0.5,0.0,0.0,0.0,0.0,0.0,0.0
4096,1.0,45,Female,high school,married,Eastern,Freelancer,0.0,0.0,1.0,0.0,0.0,0.0,0.0,0.0,0.0,0.0
4097,0.0,47,Female,high school,single,Central,Freelancer,0.0,0.0,0.0,0.0,0.0,0.0,0.0,0.0,0.0,1.0
4100,0.0,40,Female,vocational certificate,married,Northeastern,Corporate Employee,1.0,0.0,0.0,0.0,0.0,0.0,0.0,0.0,0.0,0.0
4105,0.0,55,Female,high school,married,Northern,Freelancer,0.0,0.0,1.0,0.0,0.0,0.0,0.0,0.0,0.0,0.0
4110,0.0,27,Female,high school,single,Central,Student,0.0,0.0,1.0,0.0,0.0,0.0,0.0,0.0,0.0,0.0
4112,0.0,25,Male,bachelor's degree,single,Central,Corporate Employee,0.0,0.0,0.5429916845094788,0.3744712317235867,0.0,0.0,0.0825370837669345,0.0,0.0,0.0
4113,0.0,28,Female,high school,single,Central,Entrepreneur,1.0,0.0,0.0,0.0,0.0,0.0,0.0,0.0,0.0,0.0
4114,0.0,37,Male,high school,single,Central,Corporate Employee,0.7922988551281542,0.2077011448718456,0.0,0.0,0.0,0.0,0.0,0.0,0.0,0.0
4117,0.0,22,Male,Unknown,Unknown,Central,Corporate Employee,0.0,0.0,0.0,0.0,1.0,0.0,0.0,0.0,0.0,0.0
4118,0.0,23,Female,others,single,Central,Student,0.0,0.0,1.0,0.0,0.0,0.0,0.0,0.0,0.0,0.0
4121,0.0,40,Male,vocational certificate,single,Central,Corporate Employee,0.0,0.0,0.0,1.0,0.0,0.0,0.0,0.0,0.0,0.0
4122,0.0,30,Male,others,single,Central,Corporate Employee,0.0,1.0,0.0,0.0,0.0,0.0,0.0,0.0,0.0,0.0
4127,0.0,36,Male,vocational certificate,single,Northeastern,Corporate Employee,0.0,0.0,0.0,1.0,0.0,0.0,0.0,0.0,0.0,0.0
4132,0.0,59,Male,others,married,Central,Corporate Employee,1.0,0.0,0.0,0.0,0.0,0.0,0.0,0.0,0.0,0.0
4133,0.0,24,Female,high school,single,Southern,Unemployed,0.9066478076379066,0.0,0.0,0.0,0.0,0.0,0.0,0.0,0.0933521923620933,0.0
4138,0.0,33,Female,vocational certificate,single,Eastern,Entrepreneur,0.0,0.0,0.0,0.0,1.0,0.0,0.0,0.0,0.0,0.0
4146,0.0,58,Male,bachelor's degree,single,Central,Entrepreneur,0.0,0.0,0.5,0.5,0.0,0.0,0.0,0.0,0.0,0.0
4147,0.0,23,Female,others,single,Northeastern,Student,0.0,1.0,0.0,0.0,0.0,0.0,0.0,0.0,0.0,0.0
4151,0.0,25,Female,high school,single,Central,Student,1.0,0.0,0.0,0.0,0.0,0.0,0.0,0.0,0.0,0.0
4153,0.0,54,Male,less than high school,married,Southern,Entrepreneur,0.0,0.0808907066575778,0.0,0.7585397258198894,0.1605695675225327,0.0,0.0,0.0,0.0,0.0
4155,0.0,52,Female,bachelor's degree,others,Central,Corporate Employee,0.6965014508242312,0.0,0.0,0.0,0.3034985491757688,0.0,0.0,0.0,0.0,0.0
4156,0.0,24,Male,Unknown,single,Central,Student,1.0,0.0,0.0,0.0,0.0,0.0,0.0,0.0,0.0,0.0
4158,0.0,26,Female,bachelor's degree,single,Central,Corporate Employee,1.0,0.0,0.0,0.0,0.0,0.0,0.0,0.0,0.0,0.0
4159,0.0,36,Female,high school,single,Northeastern,Corporate Employee,0.0,0.7581903276131046,0.2418096723868954,0.0,0.0,0.0,0.0,0.0,0.0,0.0
4160,0.0,45,Male,bachelor's degree,single,Central,Corporate Employee,1.0,0.0,0.0,0.0,0.0,0.0,0.0,0.0,0.0,0.0
4161,0.0,38,Male,vocational certificate,married,Eastern,Corporate Employee,0.2995805871779509,0.0,0.0,0.0,0.0,0.0,0.0,0.0,0.0,0.7004194128220491
4163,0.0,34,Female,bachelor's degree,married,Northern,Corporate Employee,0.8491630055176173,0.0,0.0,0.0,0.0,0.0,0.0,0.1407811948502239,0.0,0.0100557996321588
4164,0.0,31,Female,high school,single,Central,Freelancer,0.0,0.0,1.0,0.0,0.0,0.0,0.0,0.0,0.0,0.0
4165,0.0,28,Female,high school,single,Central,Corporate Employee,0.8243999236345334,0.1657651299080721,0.0,0.0,0.0,0.0,0.0,0.0098349464573944,0.0,0.0
4166,0.0,44,Female,others,married,Northeastern,Entrepreneur,0.9585836389917034,0.0414163610082966,0.0,0.0,0.0,0.0,0.0,0.0,0.0,0.0
4167,0.0,40,Male,vocational certificate,married,Southern,Corporate Employee,0.8,0.0,0.2,0.0,0.0,0.0,0.0,0.0,0.0,0.0
4168,0.0,43,Male,others,married,Central,Corporate Employee,0.0,0.0,0.0,0.0,1.0,0.0,0.0,0.0,0.0,0.0
4172,0.0,44,Female,bachelor's degree,single,Northern,Corporate Employee,1.0,0.0,0.0,0.0,0.0,0.0,0.0,0.0,0.0,0.0
4180,1.0,42,Male,master's degree,married,Central,Corporate Employee,0.578199968882329,0.2563759687477661,0.165424062369905,0.0,0.0,0.0,0.0,0.0,0.0,0.0
4182,0.0,27,Female,others,single,Central,Student,0.0,0.0,1.0,0.0,0.0,0.0,0.0,0.0,0.0,0.0
4184,0.0,45,Female,vocational certificate,married,Northeastern,Unemployed,0.0,0.0,1.0,0.0,0.0,0.0,0.0,0.0,0.0,0.0
4185,1.0,43,Female,bachelor's degree,others,Central,Corporate Employee,1.0,0.0,0.0,0.0,0.0,0.0,0.0,0.0,0.0,0.0
4186,0.0,34,Male,vocational certificate,single,Eastern,Corporate Employee,0.0,0.0,1.0,0.0,0.0,0.0,0.0,0.0,0.0,0.0
4187,0.0,41,Male,others,single,Central,Corporate Employee,1.0,0.0,0.0,0.0,0.0,0.0,0.0,0.0,0.0,0.0
4188,0.0,46,Female,others,single,Northern,Corporate Employee,0.0,0.0,0.0,0.0,1.0,0.0,0.0,0.0,0.0,0.0
4195,0.0,32,Male,bachelor's degree,single,Central,Corporate Employee,0.9881648575228726,0.0045210998194129,0.0064913418012596,0.0,0.0,0.0005273723438812,0.0,0.0002953285125735,0.0,0.0
4196,0.0,41,Female,bachelor's degree,single,Central,Freelancer,0.1662161654010604,0.0,0.4514536960642705,0.3823301385346691,0.0,0.0,0.0,0.0,0.0,0.0
4197,0.0,50,Male,high school,married,Western,Corporate Employee,0.0,0.6252620238192826,0.0,0.0,0.3747379761807174,0.0,0.0,0.0,0.0,0.0
4201,0.0,66,Male,bachelor's degree,married,Central,Corporate Employee,1.0,0.0,0.0,0.0,0.0,0.0,0.0,0.0,0.0,0.0
4204,0.0,23,Female,others,others,Northeastern,Student,0.0,0.1274867266296424,0.4362566366851788,0.4362566366851788,0.0,0.0,0.0,0.0,0.0,0.0
4208,0.0,34,Female,bachelor's degree,married,Central,Corporate Employee,1.0,0.0,0.0,0.0,0.0,0.0,0.0,0.0,0.0,0.0
4210,0.0,24,Male,others,single,Northern,Student,0.9375183930178004,0.0624816069821997,0.0,0.0,0.0,0.0,0.0,0.0,0.0,0.0
4214,0.0,46,Male,Unknown,Unknown,Central,Entrepreneur,0.0,0.0,0.627039627039627,0.0,0.0,0.372960372960373,0.0,0.0,0.0,0.0
4216,0.0,29,Male,bachelor's degree,single,Central,Student,0.0,0.0,0.5,0.5,0.0,0.0,0.0,0.0,0.0,0.0
4218,0.0,27,Female,others,others,Central,Student,0.0,0.0,0.2260014538776447,0.0,0.3837471783295711,0.0,0.1201362053793473,0.0,0.2701151624134369,0.0
4220,0.0,41,Male,bachelor's degree,married,Northeastern,Corporate Employee,1.0,0.0,0.0,0.0,0.0,0.0,0.0,0.0,0.0,0.0
4221,0.0,32,Female,bachelor's degree,married,Northern,Corporate Employee,0.2571700194128244,0.0,0.3714149902935877,0.3714149902935877,0.0,0.0,0.0,0.0,0.0,0.0
4224,2.0,54,Female,less than high school,married,Central,Freelancer,0.0,0.0030000622347202,0.0,0.7143705031161091,0.0,0.1884196230994471,0.0942098115497235,0.0,0.0,0.0
4229,0.0,29,Male,Unknown,single,Southern,Corporate Employee,0.0,0.0,1.0,0.0,0.0,0.0,0.0,0.0,0.0,0.0
4234,0.0,57,Male,doctorate's degree,married,Central,Professional,1.0,0.0,0.0,0.0,0.0,0.0,0.0,0.0,0.0,0.0
4252,0.0,27,Male,high school,single,Southern,Other,0.0,0.0,0.1004398826979472,0.1004398826979472,0.7991202346041055,0.0,0.0,0.0,0.0,0.0
4253,0.0,33,Female,others,single,Southern,Corporate Employee,0.0,1.0,0.0,0.0,0.0,0.0,0.0,0.0,0.0,0.0
4254,0.0,39,Male,vocational certificate,married,Eastern,Corporate Employee,0.0,0.0,0.0,1.0,0.0,0.0,0.0,0.0,0.0,0.0
4255,0.0,53,Female,less than high school,married,Central,Entrepreneur,0.0,0.495358667828113,0.237437407480641,0.2672039246912459,0.0,0.0,0.0,0.0,0.0,0.0
4256,0.0,50,Male,others,single,Northeastern,Entrepreneur,0.0,0.0,0.0,1.0,0.0,0.0,0.0,0.0,0.0,0.0
4257,0.0,26,Female,bachelor's degree,single,Northeastern,Entrepreneur,1.0,0.0,0.0,0.0,0.0,0.0,0.0,0.0,0.0,0.0
4269,0.0,35,Female,bachelor's degree,single,Northern,Freelancer,0.0,0.1262178338940102,0.8737821661059898,0.0,0.0,0.0,0.0,0.0,0.0,0.0
4272,0.0,48,Male,others,single,Central,Corporate Employee,0.0,0.0,0.0,1.0,0.0,0.0,0.0,0.0,0.0,0.0
4275,0.0,33,Female,vocational certificate,others,Eastern,Freelancer,0.5714808211036438,0.0,0.350066291775248,0.0784528871211082,0.0,0.0,0.0,0.0,0.0,0.0
4281,0.0,23,Female,others,single,Southern,Student,0.0,0.0,0.7796602452547655,0.1191620462179772,0.1011777085272572,0.0,0.0,0.0,0.0,0.0
4282,0.0,24,Male,vocational certificate,single,Central,Corporate Employee,0.0,0.0968539887271818,0.5317401486386686,0.2661178511911135,0.0,0.0,0.0384363014394395,0.0,0.0668517100035965,0.0
4284,0.0,49,Male,high school,divorce,Northeastern,Corporate Employee,0.0,0.0,0.0,0.0,0.0,0.0,1.0,0.0,0.0,0.0
4287,1.0,66,Male,bachelor's degree,single,Central,Entrepreneur,1.0,0.0,0.0,0.0,0.0,0.0,0.0,0.0,0.0,0.0
4292,0.0,44,Female,high school,married,Central,Entrepreneur,0.0,0.6404175175856592,0.3595824824143407,0.0,0.0,0.0,0.0,0.0,0.0,0.0
4296,0.0,30,Male,bachelor's degree,single,Central,Entrepreneur,0.5827634784429873,0.3501579655538278,0.0,0.005433461826473,0.0,0.0165967561244993,0.0,0.0,0.0,0.0450483380522126
4297,0.0,49,Female,high school,single,Central,Entrepreneur,0.0,0.0166994699621658,0.1096315703543912,0.0167123255972406,0.5908449880378316,0.0,0.0,0.0,0.2661116460483706,0.0
4298,0.0,37,Male,others,married,Eastern,Corporate Employee,0.0,0.0,0.0,1.0,0.0,0.0,0.0,0.0,0.0,0.0
4307,0.0,37,Male,bachelor's degree,single,Northern,Entrepreneur,0.0,0.0,0.7946822708140848,0.0,0.0,0.0,0.0,0.0,0.0,0.2053177291859152
4308,1.0,56,Male,bachelor's degree,single,Southern,Entrepreneur,0.7785975006652508,0.03663850019832,0.1847639991364291,0.0,0.0,0.0,0.0,0.0,0.0,0.0
4310,0.0,27,Female,bachelor's degree,married,Northeastern,Corporate Employee,0.9628730048577376,0.0371269951422623,0.0,0.0,0.0,0.0,0.0,0.0,0.0,0.0
4313,0.0,24,Female,high school,single,Central,Entrepreneur,0.0,0.0,0.0,1.0,0.0,0.0,0.0,0.0,0.0,0.0
4320,0.0,28,Male,bachelor's degree,single,Central,Corporate Employee,0.0,0.0,0.4600708103855232,0.4419748229740362,0.0,0.0029504327301337,0.0,0.0950039339103068,0.0,0.0
4323,0.0,26,Female,high school,single,Central,Freelancer,0.0,0.0,0.0073975578695033,0.0036519589482358,0.9889504831822608,0.0,0.0,0.0,0.0,0.0
4324,0.0,75,Female,master's degree,married,Central,Entrepreneur,0.9966891437021996,0.0,0.0,0.0,0.0033108562978004,0.0,0.0,0.0,0.0,0.0
4326,0.0,72,Female,bachelor's degree,married,Central,Other,0.0,0.0388055988362278,0.0,0.0,0.9611944011637722,0.0,0.0,0.0,0.0,0.0
4327,2.0,50,Female,high school,separate,Central,Freelancer,0.0,0.0,0.7510558344421722,0.2489441655578278,0.0,0.0,0.0,0.0,0.0,0.0
4328,0.0,30,Female,bachelor's degree,single,Southern,Corporate Employee,0.0208753895341778,0.0026067424824962,0.5056007932332349,0.4709170747500911,0.0,0.0,0.0,0.0,0.0,0.0
4329,0.0,40,Female,bachelor's degree,single,Central,Corporate Employee,0.0,0.1146292090287244,0.6186274194959408,0.0139303388927708,0.0,0.0,0.0,0.2005998699931009,0.0522131625894627,0.0
4336,0.0,49,Female,bachelor's degree,married,Central,Corporate Employee,0.4069074919868551,0.367505927344849,0.0222987570137971,0.2032878236544988,0.0,0.0,0.0,0.0,0.0,0.0
4337,0.0,71,Female,bachelor's degree,others,Central,Corporate Employee,0.089565446367315,0.0,0.0,0.0,0.7902795218160529,0.060077515908316,0.060077515908316,0.0,0.0,0.0
4338,0.0,28,Male,bachelor's degree,married,Central,Corporate Employee,0.1573246277961514,0.0,0.3832753432344171,0.3284119055321668,0.0,0.0,0.1291797943821364,0.0,0.0,0.0018083290551281
